Training_loss_ANN_model_1_8,Valid_loss_ANN_model_1_8,Training_loss_Proposed Lstm_model_1_8,Valid_loss_Proposed_LSTM_model_1_8,Training_loss_lstm_model_1_8,Valid_loss_lstm_model_1_8,Training_loss_lstm_model_2_8,Valid_loss_lstm_model_2_8,Training_loss_lstm_model_3_8,Valid_loss_lstm_model_3_8,Training_loss_CNN_lstm_8,Valid_loss_CNN_lstm_8
0.050619297,0.0397669,0.038798124,0.036926869,0.037875846,0.03450267,0.048995115,0.036779229,0.037564091,0.035787027,0.121719174,0.02842617
0.039176602,0.037856568,0.03655494,0.03419986,0.033659361,0.03044311,0.036328398,0.03535774,0.034731295,0.032834411,0.032395002,0.031269595
0.038737357,0.037436098,0.033425111,0.030550024,0.029078543,0.025320403,0.0348319,0.033195019,0.030824624,0.028764786,0.026357817,0.024009133
0.038165074,0.0370587,0.028760331,0.024890261,0.023377759,0.01901179,0.032899614,0.031220367,0.025639104,0.02401863,0.022932239,0.021163594
0.037747011,0.036598526,0.022109805,0.017554855,0.017199926,0.013399028,0.03054902,0.028693909,0.020585213,0.020910138,0.01974839,0.017312426
0.03719379,0.036041807,0.014737896,0.01082659,0.012529211,0.010300116,0.027603079,0.025621759,0.017783873,0.019572176,0.014760769,0.01038887
0.036508784,0.035315003,0.00902642,0.006718404,0.01052958,0.009368177,0.024117354,0.022171557,0.01654744,0.018867457,0.006852035,0.005396091
0.035629448,0.034415279,0.006033583,0.0049511,0.009827401,0.008990283,0.020505711,0.018965494,0.015963905,0.018466404,0.004539617,0.00401864
0.034518342,0.033273406,0.004839106,0.004440882,0.009509882,0.008820691,0.017485617,0.016842259,0.015579187,0.018168157,0.004184515,0.004019815
0.033128038,0.031856682,0.004515353,0.00426589,0.009398684,0.00849425,0.015728747,0.015858464,0.015306061,0.017888423,0.004094377,0.003788382
0.031433892,0.030197846,0.004410573,0.00419315,0.009220772,0.008389042,0.014941717,0.015467804,0.015077433,0.017630553,0.004082663,0.003794773
0.029449195,0.028339542,0.004332848,0.004125637,0.009106523,0.008318125,0.014572232,0.015238225,0.01485807,0.017369883,0.003973687,0.003773136
0.027265308,0.026379058,0.004263122,0.004059501,0.008993383,0.00825543,0.014356111,0.0150357,0.014631244,0.017087469,0.003941214,0.003615915
0.024940347,0.024409235,0.00420834,0.004001981,0.008989122,0.008202007,0.014190072,0.014900005,0.014416239,0.01681963,0.003868392,0.003612814
0.02263201,0.022520984,0.004161466,0.003971586,0.008898609,0.008182041,0.014044946,0.014759218,0.014187293,0.016492879,0.003820422,0.003628049
0.020443287,0.020664861,0.004109365,0.003935665,0.008856423,0.008140533,0.013915616,0.01466033,0.013962113,0.01622605,0.003795197,0.003434632
0.018383121,0.019072209,0.004075177,0.003869367,0.008826674,0.008109158,0.01381351,0.014557453,0.013763361,0.015941922,0.003735858,0.003514128
0.016480679,0.017420329,0.00403366,0.003836391,0.00879328,0.008085781,0.01372903,0.014469662,0.013542319,0.015630493,0.003667275,0.003674431
0.014715191,0.015825262,0.003991355,0.003794364,0.008778067,0.008086668,0.013655736,0.014405451,0.013339247,0.015391404,0.003640453,0.003380254
0.013087625,0.014339525,0.003951559,0.003742949,0.008744079,0.008122737,0.013602378,0.014331172,0.013146172,0.015104858,0.003612311,0.003438239
0.011642651,0.013058435,0.003912728,0.003735262,0.008797992,0.008040824,0.013546122,0.014270938,0.01294718,0.014850235,0.003565389,0.003270124
0.010412225,0.011826416,0.003879127,0.003664098,0.008720697,0.008051023,0.013489224,0.014233955,0.012801644,0.0145989,0.003539277,0.003227086
0.009368962,0.010894527,0.003834203,0.003643581,0.00870762,0.008024744,0.013456688,0.014224607,0.012571857,0.014366498,0.003534111,0.003475745
0.008547338,0.010130055,0.003800209,0.003605525,0.008692379,0.008033781,0.013436409,0.014133856,0.012398535,0.014200287,0.003501688,0.003483623
0.007881081,0.009366712,0.003764281,0.00357025,0.008706391,0.008058903,0.013392541,0.01411991,0.012256403,0.013945567,0.003466969,0.003484539
0.00736167,0.008709637,0.00372749,0.003506843,0.008717849,0.008008936,0.013379206,0.014090393,0.012098133,0.013818144,0.003387343,0.003109043
0.00692508,0.008184985,0.003671222,0.003500808,0.008710693,0.008049841,0.013353769,0.014057871,0.01198012,0.013623756,0.003375876,0.003101314
0.006563735,0.007826801,0.003621963,0.003427718,0.008680419,0.00800132,0.013330067,0.014024323,0.011848094,0.013494552,0.003293107,0.003040992
0.006255462,0.007462013,0.003579614,0.003389613,0.008704376,0.007985634,0.013327111,0.014001084,0.011737147,0.013383851,0.00327607,0.00302973
0.005974395,0.007133039,0.003545489,0.003353684,0.008667129,0.008004261,0.013301888,0.013976139,0.011665244,0.013263176,0.003275446,0.003180061
0.005721042,0.006735997,0.003504619,0.003321998,0.008643149,0.007982079,0.01330011,0.013968255,0.011617598,0.013174112,0.003288406,0.003239656
0.005492153,0.00656679,0.003462825,0.003286776,0.00864428,0.007971168,0.013280423,0.014024319,0.011506738,0.01304952,0.003220858,0.002885752
0.005270971,0.006384,0.003421496,0.003238925,0.008646624,0.00797562,0.013254916,0.013915482,0.01145925,0.013011082,0.003058729,0.002865867
0.005071665,0.006053032,0.003393387,0.003228013,0.008630797,0.007969423,0.013227869,0.013891798,0.011407458,0.012901549,0.002997285,0.0027535
0.004886175,0.005994498,0.003374643,0.003163313,0.008619392,0.007968142,0.013205479,0.013864277,0.011309232,0.012890254,0.002891482,0.002653562
0.004705308,0.005856949,0.003314692,0.003134114,0.008618139,0.0079461,0.013184253,0.013870103,0.011283994,0.012807405,0.002796361,0.002675202
0.004538453,0.005719758,0.003268471,0.003092267,0.008615757,0.008118839,0.013155038,0.013808876,0.011215323,0.012761394,0.00268228,0.002519495
0.004381914,0.005656208,0.003233931,0.003066122,0.008729969,0.007947826,0.01313017,0.013782594,0.011170343,0.012692996,0.002572029,0.002571224
0.004265108,0.005752899,0.003196373,0.003025996,0.008597899,0.007988742,0.013102097,0.013750669,0.011125001,0.012594251,0.002580284,0.002604732
0.004115855,0.005315201,0.003159323,0.002991187,0.008613669,0.007948882,0.013079173,0.013720804,0.011097156,0.012559004,0.002429286,0.00244915
0.003992333,0.005385208,0.003117779,0.002959657,0.008593745,0.007912986,0.013042325,0.013676283,0.011099594,0.012512113,0.002383418,0.002339001
0.003882318,0.005340687,0.003084046,0.002936413,0.008586014,0.007927516,0.013000838,0.013641212,0.011003793,0.012471172,0.00238156,0.002281812
0.003781789,0.005210245,0.003043038,0.002892896,0.008611546,0.007951112,0.012964237,0.013606843,0.010954342,0.012407898,0.002417529,0.002193757
0.003693126,0.00518267,0.003003647,0.00286385,0.008615652,0.007930929,0.012934677,0.013559227,0.010925136,0.012367172,0.002381734,0.002205381
0.003612356,0.005037425,0.002969957,0.00286171,0.008599038,0.007893654,0.012879487,0.013503888,0.010901379,0.012332675,0.002409383,0.002187744
0.003534997,0.00509514,0.002929102,0.002817066,0.008556031,0.007899342,0.012831561,0.013460621,0.010844173,0.012278099,0.002256297,0.002551884
0.003468196,0.00500125,0.002891278,0.002802141,0.00855236,0.00788449,0.012772506,0.013404315,0.010836616,0.012202697,0.002218697,0.002602052
0.003404889,0.005145769,0.002865698,0.002791337,0.008539026,0.007870858,0.012719567,0.013331086,0.010761103,0.012121746,0.002187294,0.002286191
0.003365433,0.004940326,0.002830432,0.002799674,0.008530519,0.007897804,0.012661175,0.013260516,0.010724757,0.0121471,0.002244608,0.002367061
0.003318789,0.005063384,0.00279251,0.002723335,0.008579316,0.007859093,0.012589073,0.013182203,0.010693689,0.012020463,0.002400528,0.002055634
0.003259325,0.00471965,0.002754262,0.002713558,0.00852577,0.007846401,0.012512648,0.013102832,0.010637419,0.012019492,0.002214479,0.002180422
0.003225317,0.005108344,0.002728149,0.002782689,0.008510092,0.007846531,0.012427063,0.01302622,0.010586272,0.011901508,0.002126302,0.002402727
0.003186203,0.005147043,0.002695517,0.002693384,0.008504787,0.007823267,0.012336528,0.012914751,0.010525343,0.011823471,0.002131944,0.002322746
0.003147656,0.005240344,0.002657116,0.00274069,0.008514545,0.007836483,0.012264226,0.012820905,0.010509897,0.011814878,0.002137182,0.002605867
0.003119111,0.005179593,0.00262733,0.002661057,0.008545582,0.007873693,0.012150659,0.012708133,0.010421648,0.011666039,0.002137318,0.002403954
0.003092912,0.00536683,0.002607422,0.002671368,0.008604832,0.007796573,0.012035682,0.012632171,0.010361363,0.011629736,0.002105448,0.002300452
0.003075521,0.004954255,0.002591613,0.002760206,0.008485983,0.007787037,0.011933381,0.012464626,0.010339417,0.011616184,0.002054874,0.002711669
0.003049064,0.005383342,0.002563583,0.002626736,0.008468665,0.007779657,0.011829276,0.012351798,0.010281733,0.011485099,0.002053751,0.002250101
0.003023513,0.005161291,0.002523775,0.002693933,0.008449078,0.007773465,0.01171353,0.01222895,0.010247799,0.011530065,0.0021027,0.002257298
0.002993764,0.005139195,0.002486523,0.002664761,0.008437947,0.007842602,0.011578934,0.012093041,0.010186938,0.011473927,0.002018838,0.002242388
0.002986843,0.004920696,0.002467099,0.002665355,0.008477816,0.007778994,0.011458343,0.01197492,0.010158654,0.011239582,0.002033211,0.002663596
0.002953006,0.004880972,0.002449408,0.002626033,0.008519826,0.00777228,0.011346747,0.011870841,0.010036007,0.011340594,0.002161716,0.002502393
0.002948435,0.005609139,0.002420556,0.002732559,0.008431998,0.00772624,0.011250569,0.011748946,0.010024977,0.011156639,0.002209347,0.002430383
0.002926724,0.005274151,0.002392838,0.002616415,0.008429306,0.007727141,0.011108202,0.011586659,0.00996606,0.011060745,0.002038622,0.002178628
0.002906439,0.005178524,0.00238895,0.0025998,0.008410669,0.007704297,0.010969126,0.011446391,0.009920835,0.011084997,0.002053547,0.002551707
0.002886825,0.005258522,0.002357413,0.002881354,0.00839426,0.007691591,0.010847999,0.011320665,0.009862726,0.011096021,0.001990928,0.002767797
0.002870251,0.005025429,0.002363203,0.002591399,0.008384987,0.007741,0.010739034,0.011194267,0.009819703,0.010893115,0.001956105,0.002476315
0.002859316,0.005170196,0.002323061,0.00261967,0.008401135,0.007743286,0.010635334,0.011119193,0.009812438,0.01098717,0.001928415,0.002485373
0.002840846,0.004843979,0.002292184,0.00269107,0.008388037,0.007802981,0.010501461,0.010951363,0.009755495,0.01084975,0.001998673,0.002937432
0.002836302,0.005697188,0.002280292,0.002585517,0.008380563,0.00769402,0.010381373,0.010832558,0.009677264,0.010751367,0.001905582,0.00230882
0.0028204,0.004987585,0.002274014,0.002577205,0.008334013,0.007692551,0.010245481,0.01072159,0.009658774,0.010724292,0.00192206,0.003471336
0.00281034,0.005066336,0.002244083,0.002561851,0.008341247,0.00761953,0.010140561,0.010584897,0.009585596,0.010611674,0.001892827,0.002388695
0.002808134,0.005528135,0.002223962,0.002626488,0.008322067,0.007617581,0.010026407,0.010482218,0.009547797,0.010601348,0.001898236,0.003093862
0.002785045,0.005052338,0.00220802,0.002611995,0.008314048,0.007603617,0.009921089,0.01035979,0.009512763,0.010595622,0.001924748,0.002412052
0.002761092,0.005074082,0.002192005,0.002570656,0.008292006,0.007590576,0.009820038,0.010302885,0.00947464,0.01056317,0.001852717,0.002482959
0.00275187,0.004900608,0.002183368,0.00252876,0.008273412,0.007569517,0.009726213,0.010195603,0.00946097,0.01046722,0.001875793,0.002520045
0.002735856,0.005259484,0.002181513,0.002614284,0.008260612,0.007576149,0.009642231,0.010090254,0.009470142,0.010663449,0.001849265,0.002868288
0.00272295,0.005345933,0.002148828,0.002582463,0.008267651,0.007566878,0.00954991,0.010028754,0.009391394,0.010368665,0.001846095,0.003857024
0.002711991,0.004782925,0.002126319,0.002519237,0.008270682,0.007886313,0.009450591,0.009898577,0.009331455,0.010309075,0.001832229,0.002798295
0.002705708,0.00541563,0.002116899,0.002547157,0.008454625,0.007668536,0.009375689,0.009816639,0.009300306,0.010346619,0.001812644,0.003755516
0.002689203,0.005501692,0.002100549,0.002546867,0.008236878,0.007549937,0.009290325,0.009761989,0.009276719,0.010302763,0.00184709,0.002508269
0.002688019,0.004751428,0.002102187,0.002493865,0.008228038,0.007543827,0.009246278,0.009688534,0.009245464,0.010214185,0.001908664,0.002670536
0.002668478,0.005340688,0.002095187,0.002488358,0.008200066,0.00747331,0.009147975,0.009607816,0.009223182,0.010255428,0.001839202,0.003151326
0.002650807,0.005229164,0.002075053,0.002506017,0.008202658,0.007461041,0.009093693,0.009530826,0.00918116,0.01021795,0.001848963,0.002761103
0.002638403,0.005049795,0.002056486,0.002509272,0.008167203,0.007571519,0.009051923,0.009454039,0.009145507,0.010152932,0.00185036,0.003204547
0.002632348,0.004943932,0.002049652,0.002456337,0.008410153,0.007470402,0.008952342,0.009382423,0.009103525,0.010079115,0.001745427,0.003602772
0.002624794,0.004682981,0.002030614,0.002417073,0.008167892,0.00742497,0.008902475,0.009359485,0.009107536,0.010087697,0.001739252,0.003751932
0.002620716,0.004687417,0.002023801,0.002446644,0.008123688,0.007420378,0.008850894,0.009250778,0.009123495,0.009988156,0.00177259,0.003438157
0.00259698,0.005471962,0.0020226,0.002389917,0.008110838,0.007396868,0.008792223,0.00920336,0.009116836,0.010208455,0.001788491,0.002708823
0.002586268,0.004788903,0.002009207,0.002431001,0.008109669,0.007375857,0.008739438,0.009163371,0.009202922,0.009938804,0.001745442,0.003266249
0.002576749,0.005174119,0.001980918,0.002395094,0.008090558,0.00735891,0.008692178,0.009106752,0.009060068,0.009975338,0.001720575,0.003242205
0.00256116,0.004743357,0.001967878,0.002361415,0.008091722,0.007381587,0.008657817,0.009069062,0.008974722,0.00988901,0.001722046,0.002846581
0.00254514,0.004998263,0.001954961,0.002404695,0.008096401,0.007401154,0.008625413,0.009019972,0.00893316,0.009850761,0.001703283,0.003487302
0.002545868,0.004497565,0.001946883,0.002338538,0.008056441,0.007322704,0.00857855,0.009010941,0.008919053,0.009934209,0.001698988,0.005427084
0.002527784,0.005194707,0.001934873,0.002379241,0.008045204,0.007304227,0.008596642,0.008993925,0.008880316,0.00983315,0.001854056,0.003520193
0.002516015,0.004800228,0.001940832,0.0023274,0.008015989,0.007285911,0.008538024,0.008933321,0.008861677,0.009768425,0.001735724,0.004414992
0.002505334,0.004515728,0.001917636,0.00231152,0.007993466,0.007422648,0.008531296,0.008934935,0.00888233,0.009768076,0.001712388,0.003024118
0.002492813,0.004591385,0.001906377,0.002308939,0.007997617,0.007349247,0.008487891,0.008857225,0.008847196,0.009677031,0.001674705,0.003399863
0.002488835,0.005229328,0.001904168,0.002313653,0.007999172,0.007234533,0.008463211,0.008858851,0.008797326,0.00973782,0.001658917,0.004409036
0.002474487,0.004703458,0.001883703,0.002263148,0.007948489,0.007215638,0.008429112,0.008810654,0.008838957,0.009774135,0.001713817,0.003606843
0.002448395,0.004783414,0.001875083,0.00223575,0.007938807,0.00719901,0.008410323,0.008819444,0.008771305,0.009618772,0.001728837,0.003567511
0.002436642,0.004629399,0.001869014,0.00222751,0.007958147,0.007289987,0.008382194,0.008851989,0.0087269,0.009659443,0.001651925,0.003958664
0.00242642,0.004655128,0.001859638,0.002216672,0.007967389,0.007170697,0.008376547,0.008718939,0.00869084,0.009629444,0.001698333,0.002967545
0.002416657,0.005212672,0.00184603,0.002199855,0.007921289,0.007151181,0.008345074,0.0087139,0.008691653,0.009535871,0.00177488,0.003126754
0.002401045,0.004550023,0.001834826,0.002215926,0.00787355,0.007135838,0.008333076,0.008680538,0.008654943,0.009675245,0.001614139,0.003164947
0.002383796,0.005132151,0.001825397,0.002194091,0.007861638,0.007114517,0.008332004,0.008718474,0.008674844,0.009460753,0.001667383,0.004442511
0.002373551,0.004611053,0.001816625,0.002219195,0.007838916,0.007105385,0.008323065,0.008754788,0.008632655,0.009461466,0.001716252,0.002662371
0.002356041,0.004842463,0.001812558,0.002144108,0.007820539,0.007072902,0.008282016,0.008632283,0.008595149,0.009527525,0.001623207,0.003698215
0.002344146,0.004268341,0.001811633,0.002152069,0.007798052,0.007053539,0.008262445,0.008681234,0.00865014,0.009585833,0.001821835,0.00413029
0.002340262,0.004952688,0.001793187,0.002138762,0.00778401,0.007077769,0.00827708,0.008648561,0.00870259,0.009355512,0.001737266,0.004695823
0.002332014,0.004463028,0.001786787,0.002149745,0.007788994,0.007062836,0.008250053,0.008602456,0.008638746,0.009465544,0.001659635,0.003090325
0.002314863,0.004047927,0.001777701,0.002103345,0.007817728,0.007013878,0.008284582,0.008651351,0.008519877,0.009316191,0.001573621,0.003214462
0.002299768,0.004318011,0.001775687,0.002092963,0.00774828,0.006978604,0.008233588,0.008609283,0.00854293,0.009299737,0.001550084,0.003431455
0.002275282,0.004324183,0.001764,0.00209328,0.007711234,0.006956152,0.008232102,0.008605246,0.008507714,0.00938273,0.001578028,0.00357896
0.002264473,0.004823768,0.001755427,0.002073936,0.007693125,0.006932699,0.008235628,0.008603189,0.008524169,0.009223687,0.001682646,0.003349543
0.002245802,0.004095542,0.001752059,0.002061785,0.007681472,0.006905236,0.008206384,0.008565034,0.008451992,0.009270373,0.001598584,0.002944929
0.002243079,0.004597802,0.001743529,0.002045223,0.007636514,0.006893062,0.008217406,0.008586926,0.008442922,0.009162443,0.001594739,0.004911125
0.002239158,0.005008874,0.00172974,0.002079882,0.007630668,0.006860013,0.008213849,0.008543806,0.008401349,0.009171322,0.001668412,0.002351196
0.002222331,0.004430058,0.001739492,0.002027093,0.007609438,0.006853976,0.008190692,0.008592898,0.008390804,0.009213824,0.001594938,0.003366664
0.002184838,0.004521987,0.001713531,0.002035263,0.007604656,0.006834689,0.008207296,0.008569521,0.008363047,0.009129608,0.001534434,0.005378132
0.002168251,0.004144793,0.001718167,0.002012518,0.007567166,0.006791153,0.008203012,0.008535898,0.008406386,0.009142908,0.001652941,0.005945003
0.002153272,0.004400986,0.00171775,0.00199898,0.007555167,0.006775316,0.008186757,0.008561492,0.008395217,0.009077091,0.001823369,0.003143998
0.002141945,0.004469403,0.001706562,0.001994143,0.007524547,0.006740487,0.008185412,0.008524765,0.008310632,0.009087766,0.00165512,0.002683301
0.002127402,0.004034094,0.001687362,0.001974908,0.007543636,0.006736579,0.008154141,0.008524944,0.008302756,0.009010493,0.001551523,0.00292957
0.002114121,0.004141363,0.001691595,0.001966548,0.007491607,0.006691087,0.008156691,0.008552476,0.00828491,0.009047517,0.001570146,0.003193416
0.002097701,0.00466834,0.001688474,0.001997348,0.007451267,0.006669886,0.008142117,0.008536598,0.008293482,0.008972609,0.001485841,0.003676784
0.00208781,0.004309879,0.001675981,0.001961122,0.007425808,0.006656339,0.008159672,0.008579973,0.008251539,0.008932794,0.001499608,0.003024996
0.002067392,0.003807948,0.001663967,0.001951088,0.007419956,0.006619364,0.008159882,0.008550469,0.008255278,0.008945476,0.001630288,0.002237702
0.002059367,0.004336684,0.001655344,0.001946202,0.007391172,0.006586237,0.008149375,0.008516415,0.008228265,0.008964124,0.001601421,0.003810695
0.002032019,0.004175323,0.001647453,0.001922997,0.007376554,0.006560864,0.00814102,0.008491407,0.008257605,0.00896189,0.001540944,0.003431523
0.002024767,0.004301583,0.001650998,0.001951062,0.007360728,0.006566288,0.008144947,0.008523401,0.008222284,0.008925019,0.001449844,0.003787507
0.001997471,0.004064144,0.001643886,0.001914095,0.007331852,0.006557907,0.008115838,0.008489042,0.008208946,0.009080069,0.001523037,0.00445866
0.001977155,0.003902498,0.001636137,0.001905704,0.007327936,0.006486877,0.008125341,0.008487806,0.008159582,0.008826666,0.001543332,0.002812808
0.00196361,0.004188049,0.001637749,0.001892468,0.007310755,0.006561511,0.008107797,0.008522169,0.008168379,0.008942582,0.001455338,0.003339305
0.001951221,0.004392386,0.001622809,0.001883615,0.007283307,0.006456181,0.008130034,0.008495787,0.008165983,0.008811451,0.001514962,0.002875134
0.001940968,0.004182918,0.001621412,0.001887074,0.007223156,0.006404018,0.00813998,0.008538646,0.008203242,0.008746522,0.001476567,0.005037466
0.001919618,0.004344472,0.001612753,0.001910522,0.007205728,0.006388207,0.008111277,0.008496195,0.008145081,0.008825494,0.00143649,0.003311774
0.001900546,0.003879341,0.001618302,0.001873275,0.007181241,0.006361073,0.008094964,0.008487539,0.008090761,0.008841958,0.001571811,0.00368242
0.001898536,0.003546857,0.001601572,0.00186472,0.007157517,0.006335404,0.008120595,0.008574115,0.008085587,0.008749926,0.001476363,0.002535679
0.001873789,0.003699317,0.00160114,0.001881945,0.007155293,0.006320981,0.008112326,0.008475865,0.008093195,0.00867723,0.001603551,0.003190558
0.001845112,0.004033516,0.001603197,0.001846453,0.007111172,0.006276482,0.008096151,0.008524294,0.008053093,0.008724858,0.001452885,0.002932626
0.001834826,0.003996359,0.001586174,0.001839313,0.007087874,0.006261062,0.008095625,0.008476779,0.008076006,0.008671652,0.001406465,0.004223597
0.001823984,0.003997814,0.001579812,0.001824968,0.007051432,0.006237619,0.008085169,0.008526398,0.008043906,0.008695948,0.001461427,0.00318122
0.001797121,0.003697629,0.001575566,0.00182087,0.007166051,0.006295076,0.00810375,0.008525928,0.008013522,0.008706809,0.001416132,0.003051283
0.001804395,0.003399047,0.001577361,0.001805721,0.007033732,0.006166671,0.008114169,0.008500503,0.008025674,0.008609207,0.001412977,0.003346286
0.001778641,0.003797974,0.001568552,0.001804862,0.006989278,0.006150053,0.008095543,0.00845593,0.008042959,0.008759858,0.001464596,0.003375107
0.001752387,0.004290971,0.001580428,0.001800556,0.006962349,0.0061633,0.008059318,0.008467741,0.008036364,0.008850509,0.001477284,0.003310364
0.001735353,0.003690079,0.001578735,0.001822596,0.006975397,0.006123952,0.008062652,0.008465999,0.008003561,0.00850687,0.001391511,0.002534397
0.00171807,0.00397232,0.001566583,0.001817865,0.006946068,0.006105517,0.008063102,0.008473491,0.007953591,0.008659957,0.001489541,0.00220638
0.001702496,0.003665062,0.00155357,0.001791191,0.006917657,0.006068253,0.008074848,0.008492245,0.007957377,0.008508728,0.001428951,0.002299014
0.001683931,0.003780691,0.001548936,0.001792835,0.006902843,0.006055627,0.008057145,0.008477504,0.007940913,0.008558669,0.00143745,0.004416898
0.001668961,0.004080977,0.001547931,0.001768324,0.006897801,0.006015814,0.00807349,0.008447382,0.00803876,0.008543525,0.001450042,0.003523171
0.001663764,0.003977664,0.00155096,0.001804401,0.006892301,0.006122772,0.008056609,0.00845772,0.007915279,0.008578533,0.001417677,0.003480822
0.001641065,0.003708002,0.001545043,0.001776688,0.006842375,0.005972165,0.008085375,0.008562874,0.007920611,0.008501671,0.00146306,0.002780722
0.001623498,0.003622827,0.001541439,0.001786328,0.006779225,0.005923412,0.008051384,0.008426991,0.007893746,0.00857422,0.001354749,0.002742454
0.001608383,0.003630924,0.001537123,0.001823519,0.00673755,0.005875068,0.008080915,0.008479678,0.007901308,0.008420793,0.001350137,0.003914542
0.001607855,0.00403604,0.001547147,0.001772781,0.006691274,0.005821949,0.008056819,0.008440292,0.007939752,0.008568178,0.001385569,0.002680824
0.001599959,0.003906538,0.001536306,0.00174403,0.006631335,0.0057636,0.00804553,0.008488329,0.007922491,0.008355342,0.001414128,0.002815012
0.001583135,0.003353226,0.001518959,0.001733661,0.006550645,0.005770735,0.008085065,0.008473544,0.007885295,0.008353102,0.001484464,0.002050801
0.001555925,0.003641151,0.001517922,0.001752072,0.006516624,0.005740287,0.008107862,0.008439143,0.00782918,0.008413454,0.001473369,0.002519201
0.001546048,0.003654615,0.001513469,0.001718982,0.00639783,0.005517731,0.008063922,0.008508731,0.00787963,0.008395131,0.001339492,0.002118607
0.001528873,0.003521644,0.001512254,0.001718213,0.006310302,0.005507068,0.00805798,0.00845816,0.007886603,0.008348693,0.001376599,0.003010909
0.001516806,0.003466138,0.001508002,0.001722328,0.006218487,0.005366879,0.008032691,0.008438509,0.007843884,0.008278817,0.001400671,0.002290533
0.001503651,0.003347199,0.001508016,0.001706459,0.006113789,0.005586406,0.008022176,0.008441369,0.007805701,0.008333737,0.001324285,0.002540035
0.001489614,0.003667659,0.001512295,0.001709878,0.006072343,0.005161172,0.008031884,0.008468015,0.007846463,0.008268285,0.001331011,0.002615851
0.001485788,0.003959607,0.001502029,0.001696571,0.006041609,0.005123424,0.008044917,0.00843046,0.007853717,0.008299796,0.001440843,0.002083057
0.001480121,0.003498765,0.001506012,0.001694516,0.005839688,0.005146303,0.008021683,0.008452284,0.007784616,0.008248731,0.001368019,0.002006155
0.001459509,0.003071812,0.001494631,0.001687243,0.005774467,0.004933693,0.008014872,0.008431146,0.007783415,0.008268761,0.001368605,0.002688848
0.001456161,0.003249561,0.00149729,0.001722154,0.005644364,0.004874323,0.008053651,0.00858794,0.007760648,0.008211737,0.001324816,0.002877768
0.001440527,0.003622665,0.001489659,0.001736899,0.005589963,0.00486472,0.008058659,0.008456565,0.007800627,0.008165511,0.001422958,0.002391851
0.001433747,0.003443105,0.00148684,0.001673228,0.005518443,0.004720587,0.008082276,0.008458978,0.007752701,0.008226467,0.001340092,0.002510251
0.001425201,0.003371005,0.001482595,0.001669765,0.005417181,0.004674003,0.00800949,0.008459808,0.007780278,0.008141874,0.001323206,0.001980764
0.001409253,0.003241488,0.00149178,0.001663723,0.005343236,0.004591357,0.008012003,0.008426397,0.007742871,0.008192285,0.001368949,0.002001806
0.001403087,0.003268305,0.001493302,0.001672082,0.005286716,0.004686537,0.0080108,0.008487169,0.007756891,0.00816534,0.001389014,0.003140723
0.001395258,0.003087332,0.001471502,0.001652574,0.005217925,0.004458741,0.007994068,0.008456325,0.007733554,0.008154928,0.001335832,0.001947962
0.001395444,0.003338686,0.001465917,0.001681506,0.005135767,0.004440487,0.007998526,0.00851077,0.007740838,0.008138805,0.00133047,0.002970031
0.001384938,0.003494415,0.001474113,0.001648186,0.005093391,0.004382286,0.00801866,0.008554761,0.007769684,0.008146709,0.001374136,0.001839693
0.001371706,0.003322787,0.001461645,0.001656782,0.005025386,0.004360543,0.008017209,0.008431561,0.007720516,0.008106987,0.001390399,0.002051757
0.001368591,0.003214044,0.001467465,0.001636638,0.004969135,0.004231006,0.008014318,0.008441797,0.007698775,0.008065292,0.001384105,0.001799
0.001358729,0.003446994,0.001461055,0.001638076,0.004912314,0.004231392,0.007987317,0.008420454,0.00768956,0.00821051,0.001355323,0.002463979
0.001363394,0.00344663,0.001455495,0.001633376,0.004833996,0.004090687,0.007981254,0.008462338,0.007732519,0.00810196,0.001344964,0.00292057
0.001345134,0.003362668,0.001449773,0.001656849,0.00483006,0.004054028,0.007993539,0.008423048,0.00776351,0.008145889,0.001461539,0.002126512
0.001340709,0.003552259,0.001456705,0.001622993,0.004734519,0.004288503,0.007976655,0.00845117,0.007699785,0.008203544,0.001492047,0.002325795
0.001336669,0.003368279,0.001447734,0.001662892,0.00479691,0.003922743,0.008012946,0.008463048,0.00769395,0.008059395,0.001325949,0.001857663
0.001329945,0.003428811,0.00144731,0.00161805,0.004601507,0.003909841,0.007984551,0.008417171,0.007668891,0.008023809,0.001294282,0.001859168
0.001336152,0.003550884,0.001447604,0.001609509,0.004582967,0.004180006,0.007980455,0.008460824,0.007680415,0.008064999,0.001309238,0.001693891
0.001326818,0.003381443,0.001445427,0.0016066,0.004540727,0.003869248,0.007983306,0.008431207,0.007701028,0.008111812,0.001341242,0.003116256
0.001316045,0.00314273,0.001440977,0.001617353,0.004574781,0.004399214,0.007979643,0.008421417,0.007703089,0.00812973,0.001360007,0.001880705
0.001313309,0.002972569,0.001434634,0.001598474,0.004608463,0.003719877,0.007967652,0.008428447,0.00770264,0.008052756,0.001352699,0.002116995
0.001313207,0.002879381,0.001434224,0.001619273,0.004425541,0.003908849,0.007973633,0.00843878,0.007657868,0.008136968,0.001291104,0.001861121
0.001306039,0.003100787,0.001433301,0.001592893,0.004351111,0.003659407,0.007979129,0.008465428,0.007664711,0.007983818,0.001328202,0.001833418
0.001301099,0.003180448,0.001427642,0.001593966,0.004308165,0.003725844,0.007982872,0.008399722,0.007633748,0.0080746,0.001348659,0.002535963
0.001295969,0.002849418,0.001427179,0.001608976,0.004255106,0.003720695,0.007969445,0.008434194,0.007607638,0.008018605,0.001321915,0.001792884
0.00129843,0.002872156,0.001435637,0.001615763,0.00418827,0.003645842,0.007965889,0.008405394,0.007670345,0.008228119,0.001277134,0.002033403
0.001292092,0.0030772,0.001432431,0.001601587,0.004167206,0.003704303,0.007973108,0.008505878,0.007687992,0.008110363,0.001268246,0.001905726
0.001287036,0.003028469,0.00142021,0.001578789,0.004177345,0.003613776,0.007976299,0.008410502,0.007714221,0.008003989,0.001262578,0.001905205
0.001283403,0.003274599,0.001417722,0.001580041,0.004137718,0.003464646,0.007939495,0.008500137,0.007676859,0.008278674,0.00127205,0.001765304
0.001286595,0.003393709,0.001417694,0.00157507,0.004180426,0.004100546,0.007998507,0.008505105,0.007653396,0.007987946,0.001265924,0.001935435
0.001278951,0.002971654,0.001416811,0.001561461,0.004100028,0.00342676,0.007953851,0.008418082,0.007616441,0.007998877,0.001265095,0.001718709
0.001273274,0.003280211,0.001415563,0.001561402,0.004016658,0.003456437,0.007958665,0.008439437,0.00761489,0.008218441,0.001395029,0.002460202
0.001271462,0.003287596,0.001414803,0.001557205,0.003992303,0.003326775,0.007974793,0.008432262,0.007635076,0.00799474,0.001435011,0.00155849
0.001269004,0.003303786,0.001409843,0.001550007,0.003972982,0.003334478,0.007953583,0.008419491,0.0076105,0.008028314,0.001328051,0.001757958
0.001265503,0.002979967,0.001414547,0.001572682,0.003922401,0.003511012,0.007942817,0.008417421,0.007634202,0.008011223,0.001282635,0.001630884
0.001264802,0.003192093,0.001413927,0.001558335,0.003883491,0.003332156,0.007934332,0.008415063,0.007587215,0.00802703,0.001266927,0.002387058
0.001263906,0.003581413,0.001408821,0.001541977,0.003866358,0.003325158,0.007932495,0.008496312,0.007586376,0.007968954,0.001355225,0.00159773
0.001276719,0.003349105,0.001410066,0.001543635,0.003874763,0.00322247,0.007939474,0.008412309,0.007613746,0.008374633,0.001304235,0.001638787
0.001259002,0.003491307,0.001418076,0.001543742,0.003823323,0.003470336,0.007937352,0.00844684,0.007637351,0.007939451,0.001271113,0.001716182
0.001260799,0.003325392,0.001396715,0.001547717,0.003791893,0.0033851,0.007957281,0.008442455,0.007624762,0.007929943,0.001328905,0.001461317
0.001265566,0.003269412,0.001394155,0.001536944,0.003794123,0.003395516,0.007948942,0.008390397,0.007654044,0.008193421,0.001267832,0.001658584
0.00126325,0.003171779,0.001392998,0.001534007,0.003795457,0.003267046,0.007958183,0.008448672,0.00760173,0.007953292,0.001322348,0.00154266
0.001263498,0.002873701,0.00138872,0.001523472,0.003724854,0.00338308,0.007935422,0.008401778,0.007616579,0.008027763,0.00131264,0.001627578
0.001246416,0.002956115,0.001387086,0.001521102,0.003725316,0.003186809,0.007922901,0.008410838,0.007657088,0.008001368,0.001291082,0.001534892
0.001248174,0.003362994,0.001386524,0.001517619,0.003684734,0.003305432,0.007911703,0.008391769,0.007560338,0.007926649,0.001341172,0.00169467
0.001246745,0.003231402,0.001383672,0.001516951,0.003667103,0.003031537,0.007925851,0.008414869,0.007560532,0.007946825,0.0012553,0.001482738
0.001243162,0.002972278,0.001383671,0.001510133,0.003712275,0.003219208,0.007953384,0.008470048,0.007671496,0.007964788,0.00124854,0.001581939
0.001244286,0.003087193,0.001384611,0.001513538,0.003671656,0.003906642,0.007941507,0.00840278,0.007554962,0.007879597,0.001256974,0.001419564
0.00124113,0.002805432,0.001390155,0.001523617,0.003698397,0.003258128,0.007936246,0.008431679,0.007572939,0.007916966,0.00129535,0.001756687
0.001248046,0.002954502,0.001385852,0.001497433,0.003600754,0.003234608,0.007913808,0.008443935,0.007574535,0.007975903,0.001350377,0.001791154
0.001240453,0.002957309,0.001374967,0.001503248,0.003595753,0.003569954,0.00793116,0.008384652,0.007554166,0.007881842,0.001422175,0.001336606
0.001236426,0.00310241,0.001373851,0.001501904,0.003674874,0.003285974,0.007901526,0.008433385,0.00754653,0.008020281,0.001282252,0.001444211
0.001237466,0.003162744,0.001369504,0.001501102,0.003580422,0.003528371,0.007911949,0.008400911,0.007552696,0.007887636,0.001249479,0.001402358
0.001240614,0.003452514,0.001369767,0.001500574,0.003631359,0.003144899,0.007943393,0.008377941,0.00767691,0.008026092,0.001246649,0.001495167
0.00123546,0.003094767,0.001371055,0.001491635,0.003755734,0.003105739,0.007919148,0.008499865,0.007591711,0.00790323,0.00125178,0.001512909
0.001235953,0.002896119,0.001366368,0.001491748,0.003802713,0.003824013,0.007902423,0.008408972,0.007600493,0.00802869,0.001229336,0.001489001
0.001248077,0.003029099,0.001368135,0.001493013,0.003671468,0.003582628,0.007909273,0.008405848,0.00755856,0.007903113,0.001279627,0.001866809
0.001237896,0.003357726,0.001361047,0.001476676,0.00360315,0.002967231,0.007914698,0.008410904,0.00750382,0.007904942,0.001297611,0.001489817
0.001234527,0.003605985,0.001362417,0.001486995,0.003518921,0.00318758,0.007903158,0.0084528,0.007518652,0.007882423,0.001291787,0.001781915
0.001268067,0.003799505,0.0013785,0.001494791,0.003477139,0.003028445,0.007931461,0.008371638,0.007546613,0.007885761,0.001303046,0.001521548
0.001236428,0.003041188,0.001368203,0.001484873,0.003478214,0.003227347,0.007918902,0.008492203,0.007495063,0.008202925,0.00123673,0.001534105
0.001225605,0.002968718,0.001353917,0.001475239,0.003451883,0.003023143,0.007937298,0.008429856,0.007569977,0.007831031,0.001319246,0.001415996
0.001227511,0.003012794,0.001352262,0.001466259,0.003484522,0.003338128,0.007912816,0.008393959,0.007542262,0.007872934,0.001230168,0.00141095
0.001225446,0.002894932,0.001352323,0.001475138,0.003465868,0.003693013,0.007876039,0.008425483,0.007530995,0.007834216,0.001255541,0.001438712
0.001228321,0.003025691,0.001349605,0.001479531,0.003469874,0.003067937,0.007881561,0.008391741,0.007560234,0.007908251,0.001275166,0.00141533
0.001223522,0.003360189,0.001351812,0.00148409,0.00347009,0.003057118,0.007878627,0.008404025,0.007562489,0.007921496,0.001274341,0.001398955
0.001228465,0.003276471,0.001348427,0.001464452,0.003404432,0.003104107,0.007878949,0.00841935,0.007513375,0.007812557,0.001226238,0.001419403
0.001233907,0.003316044,0.001346187,0.001461636,0.003389928,0.003093047,0.007863638,0.008481709,0.007470874,0.007939996,0.001252296,0.001342149
0.001223396,0.003300877,0.001343671,0.001470476,0.00340273,0.003409068,0.007898697,0.008424351,0.007467834,0.007876826,0.001217312,0.001370793
0.001221259,0.002987572,0.001340713,0.001443743,0.003407758,0.004132107,0.007890069,0.008399112,0.007490679,0.007808129,0.001285643,0.001327347
0.00121984,0.002889677,0.001339589,0.001469872,0.003690312,0.002825382,0.007876028,0.00840123,0.007486278,0.008050595,0.001229135,0.001398758
0.001221719,0.002882898,0.001343532,0.001469219,0.003440908,0.003169261,0.007868232,0.008390895,0.007512903,0.007759598,0.001217759,0.001356814
0.001217761,0.003085397,0.001348391,0.001441728,0.00339696,0.003272938,0.007871649,0.00839369,0.00748625,0.007792135,0.001280605,0.00133452
0.001216447,0.002940738,0.001336963,0.001447785,0.003347824,0.003021362,0.007861718,0.008371325,0.007513319,0.008184685,0.001236322,0.001611353
0.001222827,0.003065534,0.001334404,0.001435323,0.003340064,0.003122991,0.007877518,0.008360986,0.007438684,0.007713405,0.001265451,0.001318428
0.001228017,0.003168439,0.001338957,0.001454483,0.003371838,0.003092513,0.007882646,0.008464426,0.007415639,0.007842995,0.001264487,0.001348679
0.001217174,0.003165147,0.001330191,0.001440403,0.003334235,0.003215113,0.007917028,0.008408844,0.007404431,0.007689546,0.001219007,0.001379804
0.00121983,0.003476119,0.001336278,0.001434846,0.003328079,0.003093884,0.007862803,0.008389438,0.007417424,0.007710378,0.001210887,0.001368831
0.001215498,0.003057244,0.001326279,0.001444338,0.003316419,0.002785465,0.007859811,0.008403374,0.007461837,0.00778498,0.001237046,0.001313488
0.001211905,0.003067354,0.001324431,0.001434887,0.003364797,0.003206554,0.007873696,0.008421914,0.007386887,0.007687136,0.00123768,0.00152421
0.001212929,0.003291963,0.001321866,0.001424384,0.003327287,0.003467006,0.007887383,0.00837875,0.007343648,0.007671657,0.001301453,0.001331003
0.001211995,0.00322498,0.001328018,0.001426097,0.003322116,0.002804611,0.007863306,0.008402827,0.007336019,0.007626281,0.001212279,0.00134789
0.00121527,0.003040538,0.001325306,0.001428148,0.003279883,0.003178125,0.007879064,0.008384014,0.007310167,0.007589501,0.001196887,0.001374374
0.001209066,0.00288294,0.001320278,0.001416951,0.003296423,0.002841424,0.007861763,0.008386175,0.007289456,0.007514436,0.001204172,0.001350367
0.001209756,0.003041342,0.0013189,0.001420883,0.003373215,0.002742982,0.007868312,0.008456895,0.007260622,0.007523373,0.001221597,0.001392824
0.001215456,0.003083861,0.001319333,0.001426047,0.003318996,0.002981514,0.007900986,0.008387058,0.007231665,0.007579229,0.001217025,0.001292358
0.001220596,0.003074453,0.001314866,0.001419399,0.003241717,0.00288572,0.007832763,0.008370519,0.007273526,0.007430561,0.00122633,0.001359217
0.001209077,0.003106921,0.001312474,0.001407227,0.003257805,0.002923742,0.007831817,0.008410284,0.007247996,0.007607909,0.001222355,0.001358463
0.001209911,0.003186257,0.001313915,0.001400492,0.003245,0.002721356,0.007835549,0.008360933,0.007240003,0.007421656,0.001235613,0.001402403
0.001211846,0.003185183,0.001310999,0.001411535,0.00346595,0.003154137,0.007835228,0.008373812,0.007199128,0.007498345,0.00123253,0.001298974
0.001207741,0.00303698,0.001305583,0.001403881,0.003364119,0.004124672,0.007842653,0.008372878,0.007166393,0.007301792,0.001251265,0.001317951
0.001204067,0.002948266,0.001306714,0.001401219,0.003345069,0.002958016,0.007814131,0.008408826,0.007074739,0.007393498,0.001214078,0.001391194
0.001204734,0.003024943,0.001305521,0.001391918,0.003345362,0.002960069,0.007821853,0.008364733,0.00705951,0.007180375,0.001218389,0.001298254
0.001212506,0.002628728,0.001301995,0.001404355,0.003322896,0.003310702,0.007854894,0.008373944,0.006975143,0.007147735,0.001249889,0.001348113
0.001210135,0.002976118,0.001304622,0.00141982,0.003391148,0.002716988,0.007841956,0.00844926,0.006916322,0.007110179,0.001223041,0.00134026
0.001210433,0.002762021,0.001304136,0.001409573,0.003285462,0.003156987,0.007859595,0.008365931,0.006880705,0.007065031,0.001209499,0.001405405
0.001205264,0.00256819,0.00130077,0.001394707,0.003197877,0.003055558,0.007851779,0.008368923,0.006812755,0.006998199,0.001203805,0.001319394
0.001221774,0.002677579,0.001304143,0.001391447,0.003193664,0.003126646,0.00781456,0.008380499,0.006800019,0.006945489,0.001207396,0.001372875
0.001218172,0.002802391,0.001313819,0.001413023,0.003216239,0.003320083,0.00780928,0.008371194,0.006721057,0.006986132,0.00122226,0.001293969
0.001205361,0.002838475,0.001307403,0.001376652,0.003240466,0.002872408,0.007836675,0.008386557,0.00669523,0.006948752,0.001250328,0.001403343
0.00120056,0.00296366,0.001288832,0.001398453,0.003180986,0.002842304,0.007823644,0.00838181,0.006641235,0.00686381,0.001260031,0.001281192
0.001200797,0.002993718,0.001291183,0.001377635,0.003174465,0.003243563,0.007802027,0.008354158,0.00679855,0.006973588,0.00133582,0.001279919
0.001202694,0.002736287,0.00130356,0.001387979,0.003181115,0.003369757,0.007856438,0.008425533,0.006726766,0.007310242,0.001241503,0.001302609
0.001204225,0.002744475,0.001303834,0.001375648,0.003193965,0.002762215,0.007838086,0.008393655,0.006534405,0.006679904,0.001196682,0.001292246
0.001215151,0.002545395,0.001283328,0.001372821,0.003184604,0.002735613,0.007835402,0.008379142,0.006346072,0.006657687,0.001176752,0.001314823
0.00120777,0.002734763,0.001283643,0.001374467,0.003224095,0.003236626,0.00780539,0.008332194,0.00634624,0.006607209,0.001193876,0.001385864
0.001200091,0.002752213,0.001299326,0.00138337,0.003178279,0.002989337,0.007835123,0.008340909,0.006388418,0.006728023,0.001258855,0.00149612
0.001195918,0.003051896,0.001280036,0.001402496,0.003173553,0.002837649,0.00779658,0.00838526,0.006203971,0.006496822,0.001334239,0.001643047
0.001194754,0.003317711,0.001287294,0.001360504,0.003142095,0.00286101,0.007799165,0.008354496,0.006143855,0.006457149,0.001412895,0.0014283
0.001195496,0.003090683,0.001290707,0.001403614,0.003167098,0.0026738,0.007795638,0.008344064,0.006086294,0.006441189,0.00127803,0.001368812
0.001196768,0.002993639,0.001285094,0.001364656,0.003378512,0.002815815,0.007799206,0.008369406,0.006000766,0.006362019,0.001226926,0.001355497
0.001196871,0.003228562,0.001273878,0.001375611,0.003182304,0.003558398,0.007846849,0.008393565,0.006044469,0.006383253,0.001252622,0.001265259
0.001197623,0.003169843,0.001270835,0.001362466,0.003160172,0.002876831,0.007816679,0.008312073,0.005930419,0.006583671,0.001182371,0.001302104
0.001209648,0.003240989,0.001267535,0.001372581,0.003159307,0.003189473,0.007807484,0.008328981,0.005827075,0.006214707,0.001201971,0.001316032
0.001208587,0.002775915,0.001266048,0.001340382,0.003121626,0.003008042,0.007759391,0.008322369,0.005732658,0.006177064,0.001192969,0.001264397
0.001194129,0.002893208,0.001265761,0.001372581,0.003109394,0.002974211,0.007767139,0.00832295,0.005614969,0.005978426,0.001186386,0.001277905
0.00119448,0.003026318,0.001281628,0.001369419,0.003104238,0.00279428,0.007787029,0.008331871,0.005502714,0.005868085,0.001171818,0.001299681
0.001191838,0.00271687,0.001272936,0.001350101,0.003111157,0.003102452,0.007761958,0.008280329,0.005443008,0.005967468,0.00122216,0.001351657
0.001202122,0.002498945,0.0012605,0.00133345,0.003085258,0.002735459,0.007744517,0.008286564,0.005381956,0.005706141,0.001195322,0.001312803
0.001197799,0.002893392,0.00126275,0.001363937,0.003105178,0.002752555,0.007736853,0.008348539,0.005091577,0.00528065,0.001262674,0.001233416
0.001188656,0.002933329,0.001266498,0.001349228,0.003115906,0.002700392,0.007750092,0.00827856,0.004719359,0.005565263,0.00118017,0.001364136
0.001190352,0.00287976,0.001252603,0.001336175,0.003116593,0.002659724,0.007750041,0.00831205,0.004816278,0.00488959,0.001180898,0.001241579
0.001187785,0.002832478,0.001252544,0.00133825,0.003216017,0.002952441,0.007758164,0.008337327,0.004434374,0.004779709,0.001188982,0.001289905
0.001187166,0.002835988,0.001255333,0.001327163,0.003176378,0.003776591,0.007720677,0.008252858,0.004267012,0.005063916,0.001171492,0.001350978
0.00118989,0.002840648,0.001250206,0.001337433,0.003200727,0.003276326,0.007709357,0.008282237,0.004525713,0.006574037,0.001327039,0.001533414
0.00119311,0.002821344,0.001251432,0.001345732,0.003248301,0.002777616,0.007707534,0.008239039,0.004822399,0.005043686,0.001360822,0.001298609
0.001186857,0.002832336,0.001262865,0.001350609,0.003084008,0.00264489,0.007705736,0.008210965,0.004228217,0.004607908,0.001230384,0.001233898
0.001191556,0.002951011,0.001251145,0.00132895,0.003088451,0.003036519,0.007717463,0.008281831,0.004052276,0.004609621,0.001185141,0.001289189
0.001185674,0.002826239,0.001252406,0.001336926,0.003046894,0.003183161,0.007694394,0.00822124,0.00387585,0.004564122,0.001163988,0.001280957
0.001200608,0.002808491,0.001251474,0.001319493,0.003059204,0.002885269,0.007677804,0.008216173,0.004049283,0.0043936,0.001160337,0.001233076
0.001189259,0.003005032,0.001252202,0.001371107,0.003057945,0.002609704,0.007665807,0.008214255,0.003781529,0.004399682,0.001185889,0.001265615
0.001183087,0.003162657,0.001246841,0.001314588,0.003142149,0.003004118,0.00767416,0.008253232,0.003758177,0.004337594,0.00121311,0.001229343
0.001191205,0.00325541,0.001231301,0.001314627,0.00310122,0.003377322,0.007677007,0.008199397,0.003747119,0.004289099,0.001232888,0.001244724
0.001185031,0.003017618,0.001237686,0.001320832,0.003090209,0.002646451,0.007661305,0.008197029,0.003751059,0.004261697,0.001247076,0.00123551
0.001181453,0.003016225,0.001230006,0.001302428,0.00309751,0.002809712,0.007656936,0.008187803,0.003699774,0.00574162,0.001178349,0.001278895
0.001181915,0.003066628,0.001237628,0.001315724,0.003114816,0.002997126,0.007639945,0.008185881,0.004061391,0.004410176,0.001155639,0.001263364
0.001191203,0.00315286,0.00122921,0.001322901,0.003036269,0.003074372,0.007642959,0.008201079,0.003794002,0.004596067,0.001155795,0.001284493
0.001192359,0.00278628,0.001224605,0.00132872,0.003047128,0.002704852,0.007645995,0.008181156,0.003697381,0.004134594,0.001199036,0.001284844
0.001183675,0.002806107,0.00122614,0.001313053,0.003071366,0.002774569,0.007635031,0.008209179,0.003609358,0.004185778,0.001210192,0.001397971
0.001174214,0.002888501,0.001219496,0.001297226,0.003002725,0.002926391,0.007663476,0.008181875,0.00352747,0.00413437,0.001224964,0.001360953
0.001176707,0.002662536,0.001223262,0.001299706,0.003011413,0.002763508,0.007648315,0.008205362,0.003562548,0.004111248,0.001210195,0.001236562
0.001177744,0.00293975,0.001215195,0.00131528,0.003005213,0.002989495,0.007632375,0.008202997,0.003581766,0.004144444,0.00116588,0.001288299
0.001176674,0.002655714,0.00122314,0.001289248,0.003007233,0.002592491,0.007634626,0.008269689,0.003517607,0.004044737,0.00116395,0.001219943
0.001189166,0.002539538,0.001209831,0.001299544,0.003126899,0.002756602,0.007643063,0.008198244,0.003535775,0.004389865,0.001222478,0.001254426
0.001183792,0.002814534,0.001213082,0.001286819,0.00302594,0.00280816,0.007601344,0.00818546,0.00360563,0.004001899,0.001172353,0.001227163
0.001171637,0.002811855,0.00120688,0.001288174,0.003005382,0.00396852,0.007663,0.008193446,0.003702508,0.003993964,0.001147988,0.001276254
0.001171106,0.002842253,0.001207291,0.001287023,0.003177827,0.003029115,0.007655582,0.008206056,0.003527588,0.004051248,0.001241277,0.001743161
0.001174156,0.002627632,0.00120669,0.001291714,0.003117719,0.002694845,0.00766881,0.008206817,0.003551553,0.004096055,0.001307163,0.001501871
0.001172048,0.002722074,0.001201301,0.001277376,0.003036335,0.002775443,0.00762751,0.008155648,0.00349412,0.003899433,0.001215906,0.001316399
0.001178539,0.00259638,0.001209346,0.001295173,0.003019122,0.002698888,0.007593716,0.008335231,0.003321844,0.004003057,0.001188493,0.001249697
0.00119616,0.002550088,0.00120903,0.001282447,0.003026054,0.003590818,0.007626491,0.00815467,0.003285975,0.003888868,0.001166731,0.001287317
0.001186772,0.002847865,0.001208321,0.001272145,0.003087423,0.002814738,0.007596395,0.008128969,0.003284726,0.003960304,0.001191812,0.00148968
0.001167283,0.002948832,0.001201072,0.001271264,0.003050024,0.002613557,0.007585962,0.008176803,0.003257541,0.003842507,0.001321592,0.00128287
0.001167376,0.002889565,0.001191856,0.001273831,0.002982531,0.003047102,0.007581986,0.008147186,0.003333901,0.003795737,0.001180782,0.001227038
0.001168528,0.003197729,0.001190759,0.001269446,0.002968586,0.002746747,0.00758488,0.008135892,0.003285528,0.003833902,0.001178703,0.001226342
0.001167931,0.002837646,0.001184929,0.001274273,0.002952639,0.003118889,0.007568707,0.008135883,0.003306571,0.003798336,0.001202943,0.001232327
0.001166606,0.002898477,0.001185494,0.001270702,0.002999872,0.002715339,0.007565528,0.008153795,0.00332052,0.003739069,0.001186899,0.001219363
0.001163275,0.002921991,0.001189549,0.00128206,0.002950693,0.002868191,0.007585597,0.008217776,0.003225792,0.003708473,0.001177952,0.001228117
0.001169047,0.00297077,0.001183212,0.001265391,0.002942457,0.002920334,0.007573183,0.008138918,0.003190828,0.003698093,0.001181182,0.001231765
0.001172298,0.003085467,0.001186131,0.001277974,0.003004518,0.002708487,0.007575266,0.00814264,0.003233448,0.003913619,0.001181119,0.001259727
0.001168865,0.002944298,0.001182495,0.001249159,0.002987741,0.002717314,0.007551957,0.008145531,0.003145824,0.003723034,0.001201885,0.001269329
0.001162413,0.002842305,0.001176158,0.001303864,0.002982015,0.002853049,0.007551592,0.00813693,0.003087241,0.003772029,0.001158502,0.001415092
0.00116409,0.003025009,0.001178639,0.00124949,0.00297321,0.002570945,0.007558807,0.008130788,0.003164917,0.00371545,0.001155406,0.001244281
0.001160236,0.002864612,0.001171043,0.001251424,0.003040088,0.002597868,0.007537764,0.008112947,0.003214086,0.003799377,0.00114957,0.001232759
0.001168678,0.00311789,0.001166765,0.001246685,0.00296286,0.003046784,0.007575081,0.008133785,0.003107845,0.003596337,0.001164622,0.001322582
0.001163654,0.002939102,0.001180202,0.001242369,0.002951526,0.002660974,0.007561471,0.008131069,0.003035265,0.003715219,0.001141014,0.001206503
0.001159,0.002792514,0.001163465,0.001245997,0.002921098,0.002929896,0.007539374,0.008126451,0.003030323,0.003678128,0.001137546,0.001288548
0.001165284,0.002806498,0.001159517,0.001231265,0.002908572,0.002781047,0.007555902,0.008193058,0.00301635,0.003498358,0.001166937,0.001244976
0.001162089,0.002817244,0.001156762,0.001250805,0.002906928,0.002800486,0.007522265,0.008113943,0.003090381,0.003484242,0.001153462,0.001195394
0.001159438,0.002737379,0.001159426,0.001245847,0.002912623,0.002645531,0.007514134,0.008110199,0.003055358,0.003430164,0.001138544,0.001611012
0.001162634,0.003139784,0.001159047,0.001237757,0.00300317,0.00265388,0.00751862,0.00814008,0.003006274,0.003431486,0.001194541,0.001267783
0.001157466,0.002843345,0.001158107,0.00123283,0.003311655,0.00317584,0.007523172,0.008120132,0.003009546,0.00420393,0.00114813,0.001242465
0.001164677,0.003042222,0.001150726,0.001244311,0.002979951,0.003695191,0.007527855,0.008149409,0.00305823,0.003622452,0.001161666,0.001200783
0.001168179,0.003068646,0.001147929,0.001250251,0.003009037,0.002883563,0.007492353,0.008111914,0.003011212,0.003352615,0.001148973,0.001267557
0.00115944,0.00289214,0.001143704,0.001216713,0.002990019,0.002557692,0.007492065,0.008115041,0.003017836,0.003352518,0.001177817,0.001324289
0.001151856,0.002834882,0.001146168,0.001230709,0.002950592,0.002559293,0.007492515,0.008133196,0.002899794,0.003369912,0.001148587,0.00125975
0.001153093,0.002932512,0.001141803,0.0012366,0.003012286,0.003535929,0.007496077,0.008089078,0.002931341,0.003263897,0.00114532,0.001268032
0.001154377,0.002919229,0.001166711,0.001270449,0.003002125,0.002667209,0.00756232,0.00811008,0.002841682,0.003229142,0.001148802,0.001225253
0.001155839,0.003141111,0.001154124,0.001218414,0.002951148,0.002801584,0.007489193,0.008121785,0.002803325,0.003295114,0.001129953,0.001225665
0.001152864,0.002789427,0.001148974,0.001211478,0.002884814,0.002640656,0.007462719,0.008067488,0.002876999,0.003420585,0.001127123,0.001280309
0.001150341,0.002924486,0.001136958,0.001219374,0.00291489,0.003233001,0.007454014,0.008139627,0.002791821,0.003189598,0.001132028,0.001387648
0.001149933,0.002823168,0.00113096,0.001223511,0.002924744,0.002885563,0.007434628,0.008043507,0.002828588,0.003120689,0.001183277,0.001213154
0.001158133,0.002844516,0.001128582,0.001201959,0.002888358,0.00322281,0.007456587,0.008166466,0.002745136,0.003337024,0.001122099,0.001252166
0.001150877,0.002763823,0.001123999,0.001214307,0.002903838,0.002797826,0.007413591,0.008030022,0.002796564,0.003114921,0.001122745,0.001261986
0.001149434,0.00278717,0.001124209,0.001196046,0.002911784,0.002591185,0.007342852,0.008054703,0.002743559,0.003068547,0.001146731,0.001686928
0.001149497,0.002547189,0.001120899,0.001213139,0.002894343,0.003035656,0.007294216,0.007942318,0.002760585,0.003128633,0.001219361,0.001239291
0.001147454,0.002625064,0.001123276,0.001220054,0.002864703,0.002679956,0.007221894,0.00792833,0.002725555,0.003074544,0.001162996,0.001241534
0.00115526,0.002470405,0.001121689,0.001182888,0.002916078,0.003072105,0.00712095,0.007732076,0.002675099,0.003061585,0.00117683,0.001267684
0.001158021,0.002509616,0.001121262,0.001180726,0.002876439,0.002951205,0.007036017,0.007670741,0.002680293,0.003106956,0.001211098,0.001256124
0.001147322,0.002693851,0.00111423,0.001200694,0.002907135,0.003208879,0.006872134,0.007448472,0.002672697,0.003289133,0.001208373,0.00118535
0.00114458,0.002992057,0.001117979,0.001209442,0.002897657,0.003121756,0.006650894,0.007283496,0.002682601,0.00300523,0.001159873,0.001215051
0.001151271,0.00279789,0.001109939,0.001194137,0.002941605,0.00278751,0.006444206,0.007093555,0.002661219,0.003040482,0.001133113,0.001236178
0.001144419,0.002844196,0.001110809,0.001212209,0.002850458,0.002856945,0.006176054,0.006688086,0.002654644,0.003003561,0.001121027,0.00126324
0.001143817,0.002838012,0.00110638,0.001181266,0.002864057,0.003237295,0.005806278,0.006294167,0.002587693,0.003106924,0.001174997,0.001324015
0.001146207,0.002317605,0.001106671,0.001198788,0.002929014,0.002818562,0.005430585,0.005947942,0.002574111,0.003004086,0.001125612,0.001272988
0.001151982,0.002641665,0.001105462,0.001180963,0.00288944,0.002982314,0.005209314,0.005529486,0.002654634,0.002981206,0.001124221,0.001183679
0.001144118,0.002920338,0.001100606,0.001190684,0.002858946,0.002555191,0.00494324,0.005398711,0.002570849,0.002984589,0.00113844,0.001192312
0.001150019,0.003064377,0.00110008,0.001170622,0.003012236,0.002913921,0.004811877,0.005202594,0.002574254,0.003228705,0.001140471,0.001385778
0.001153991,0.00302594,0.001106842,0.001211502,0.002847424,0.002817943,0.004654122,0.005432777,0.002528569,0.003025546,0.001257581,0.001516492
0.00114532,0.002792789,0.001102279,0.001190161,0.002852745,0.002992907,0.00458411,0.004940087,0.002567432,0.003353621,0.001145884,0.001210191
0.001136724,0.002804694,0.001096418,0.00115279,0.002848458,0.002818217,0.004403711,0.004899883,0.002623709,0.002993344,0.001119417,0.001280304
0.001137757,0.002766888,0.001092552,0.001167119,0.002831856,0.002664548,0.004321747,0.004861895,0.002622187,0.002964631,0.001121263,0.001378317
0.001141889,0.002717786,0.001083484,0.001173827,0.002865093,0.002604905,0.004253665,0.004783886,0.002468179,0.002918246,0.001190653,0.001257803
0.001136199,0.002770081,0.001085058,0.001160149,0.003034269,0.00361003,0.004152781,0.004888991,0.002448682,0.003030277,0.001149884,0.001204961
0.001142397,0.002608253,0.001087823,0.00116,0.002921043,0.003259174,0.004205093,0.004728787,0.002447578,0.002880096,0.001148359,0.001321644
0.001144398,0.002707491,0.001082068,0.001158,0.002930376,0.002510013,0.004071743,0.004743694,0.002425302,0.002896818,0.001124965,0.001303043
0.001135432,0.002681075,0.001081571,0.001159332,0.002863911,0.002708609,0.004002613,0.004612694,0.00244343,0.002882677,0.001116492,0.00120999
0.001143905,0.002894493,0.001076341,0.001181476,0.002952513,0.002527757,0.003993242,0.004617606,0.002500784,0.003290179,0.00111275,0.001242518
0.001136836,0.003000986,0.001079029,0.001164644,0.002952567,0.003396806,0.003886782,0.004464786,0.002658,0.002992861,0.001116304,0.001182369
0.001135089,0.002915368,0.001075211,0.00114978,0.002858058,0.00262031,0.003883683,0.00441517,0.002415128,0.002860173,0.001113169,0.001403197
0.001144705,0.002774064,0.001074666,0.001141032,0.002866791,0.002543349,0.003858341,0.004569418,0.00237368,0.003539745,0.001123069,0.001265653
0.001135233,0.002754362,0.001070183,0.001166868,0.002886973,0.003419799,0.003759082,0.004312565,0.002812774,0.002968275,0.001107249,0.001443465
0.001133243,0.003025136,0.001063698,0.001188758,0.002837083,0.003099185,0.003728768,0.004561651,0.002490565,0.002968083,0.001151611,0.001207575
0.001135783,0.002782338,0.00107761,0.001161946,0.002816216,0.00272483,0.003728713,0.004267022,0.002402813,0.002843711,0.001139842,0.001227249
0.001136675,0.002425536,0.00106622,0.001167415,0.002836248,0.002548436,0.003693865,0.004489709,0.0023667,0.002823392,0.001201208,0.001457267
0.001137658,0.002464699,0.001063469,0.001140899,0.002823239,0.002726874,0.003636765,0.004312833,0.002330797,0.002998188,0.001184181,0.001306658
0.001144704,0.002419255,0.001066128,0.001146659,0.002804647,0.00305454,0.003735215,0.004213295,0.002359041,0.002863457,0.001157656,0.001505807
0.001140918,0.002562426,0.00106007,0.001143169,0.00279297,0.002633716,0.003659808,0.004663248,0.002326871,0.002920719,0.001162003,0.001229356
0.001139613,0.002724876,0.001060888,0.001134497,0.002835049,0.002595004,0.003621945,0.00405375,0.002354905,0.002906646,0.001150349,0.001196568
0.001129195,0.002568408,0.001051547,0.001150248,0.002789675,0.002970588,0.003569138,0.004026391,0.002415646,0.002795087,0.001168483,0.001175555
0.001131156,0.002508604,0.001056144,0.001134819,0.002826426,0.002660031,0.003466749,0.003950248,0.002412771,0.002949982,0.001135014,0.001331592
0.001141782,0.002691478,0.001050569,0.001127887,0.002839523,0.002879476,0.003440194,0.004073843,0.002344645,0.002889343,0.001115241,0.001323601
0.001125746,0.002515008,0.001049374,0.001144152,0.00278082,0.002523735,0.00345117,0.003957474,0.00237662,0.003023262,0.001108713,0.001287118
0.001132041,0.002641377,0.001049945,0.001125083,0.002806703,0.002996735,0.003390933,0.003892822,0.002240795,0.003033353,0.001105463,0.001240202
0.001129615,0.002574975,0.001043736,0.001129073,0.002762693,0.0035091,0.003386269,0.004070064,0.002313478,0.002918646,0.001102595,0.001343407
0.00112556,0.002599627,0.001043442,0.001143851,0.002871834,0.002679665,0.003398754,0.003964022,0.002493381,0.002801913,0.001089088,0.001289748
0.001127641,0.002602948,0.001045877,0.001159751,0.002819079,0.002689076,0.003381094,0.003929913,0.0024958,0.002802969,0.001109602,0.00127516
0.00112701,0.002793497,0.001055263,0.001130038,0.002813089,0.002490329,0.003303804,0.004230914,0.002295915,0.002761619,0.00109713,0.001361246
0.001127413,0.00244895,0.001049344,0.001139492,0.002986213,0.003372694,0.003318052,0.003823422,0.002233107,0.002812727,0.001105168,0.001250767
0.001130247,0.002435302,0.001061472,0.001109303,0.002824474,0.002809592,0.003292416,0.003718592,0.002202749,0.002924162,0.001120358,0.001230089
0.001133421,0.002608525,0.001042778,0.001119467,0.002747406,0.002915106,0.003282411,0.003865477,0.002263561,0.003054704,0.001173169,0.001239781
0.001120648,0.002494804,0.00103313,0.00113585,0.002757245,0.00305878,0.003213056,0.003715803,0.002240085,0.00274495,0.001137855,0.001362369
0.001125227,0.002590029,0.001030228,0.00112002,0.002782287,0.003325621,0.003186123,0.003718019,0.002236795,0.002741093,0.001154897,0.001577166
0.001122842,0.002627213,0.001031071,0.001102422,0.0027697,0.002888455,0.00315384,0.003819329,0.002213541,0.002873267,0.001204725,0.001501937
0.001117894,0.002860564,0.001032939,0.001114472,0.002743565,0.002616539,0.003171971,0.00365322,0.002242896,0.002896439,0.001149676,0.001525306
0.001123459,0.002553791,0.001023947,0.001121886,0.002787314,0.002738466,0.003201427,0.00360686,0.002181864,0.002742724,0.001106264,0.001194488
0.001120176,0.00243729,0.001022927,0.001127072,0.00274941,0.002865891,0.003197843,0.003668381,0.002171807,0.002677902,0.001102713,0.001245989
0.00111988,0.002658007,0.001023139,0.001122682,0.00276861,0.003006018,0.003087059,0.003618809,0.002435769,0.002954108,0.001109033,0.0014027
0.001118631,0.002569983,0.00102082,0.001117523,0.002860837,0.003058844,0.003087982,0.003761618,0.002239747,0.002670101,0.001111362,0.001234837
0.001117382,0.002938264,0.001015325,0.00109385,0.002828236,0.003713441,0.003110413,0.003544164,0.002118798,0.002628858,0.001106529,0.00129603
0.001119656,0.002565352,0.001025027,0.001104734,0.002794287,0.002838996,0.003028564,0.003505715,0.002151307,0.002732155,0.001105982,0.001303747
0.001114933,0.002707656,0.001023056,0.001101685,0.002750032,0.003285183,0.003034709,0.003691304,0.002093944,0.002638049,0.001103568,0.001268009
0.001115988,0.002586935,0.001011188,0.001115639,0.002822082,0.002506013,0.003002936,0.003657854,0.002192374,0.002636315,0.001142328,0.001222655
0.001114362,0.002758072,0.001008326,0.001109026,0.002857317,0.002790772,0.003179274,0.003591202,0.002355334,0.002696006,0.001128698,0.001236379
0.00111329,0.002681487,0.001007171,0.001100476,0.002720588,0.003115496,0.003231974,0.003482,0.002135717,0.002688245,0.001083515,0.001388737
0.001112889,0.002717305,0.001006581,0.001097107,0.002744466,0.003094376,0.003006008,0.003561094,0.002081548,0.002586825,0.001112767,0.001315505
0.001111955,0.002553456,0.00100316,0.001094728,0.002745046,0.002844719,0.002951815,0.003512798,0.002107341,0.002642967,0.001107547,0.00126955
0.001116727,0.002427766,0.00100544,0.001118904,0.002954953,0.002763771,0.002926015,0.003532981,0.002095419,0.002571913,0.001093938,0.001320874
0.001121449,0.002643532,0.001003457,0.001098957,0.002755417,0.002736316,0.002955367,0.003452877,0.002053024,0.002680785,0.001094129,0.001240479
0.00111884,0.002825248,0.000997079,0.001088245,0.002694758,0.002951554,0.002881848,0.003641563,0.002033522,0.002735983,0.001111064,0.001280895
0.001111435,0.002666498,0.000996783,0.001091916,0.002694657,0.00300997,0.002923483,0.003385067,0.002107698,0.002556846,0.00114401,0.001409304
0.001108188,0.002714496,0.000994764,0.001087092,0.002705382,0.003315538,0.002869648,0.00347578,0.002091442,0.002612326,0.001088248,0.001466928
0.001121325,0.002272988,0.000995534,0.001096039,0.002780836,0.002514074,0.002862622,0.003314017,0.002170478,0.002979777,0.001080546,0.00142635
0.001125188,0.002737652,0.001005776,0.001107068,0.002720525,0.002685529,0.00288706,0.003298874,0.002128097,0.002682263,0.001084824,0.001680764
0.001111439,0.002716993,0.001001264,0.001104436,0.002703876,0.00275756,0.002823828,0.003274897,0.002026889,0.002698173,0.001163249,0.001267697
0.00111153,0.002813541,0.001022778,0.001079268,0.002687076,0.002848219,0.002854744,0.003643733,0.002002195,0.0024843,0.001120637,0.001316337
0.001121477,0.002564443,0.000997832,0.001082331,0.002752229,0.002516082,0.002817216,0.003292965,0.002018458,0.002518676,0.00113245,0.001351909
0.001115671,0.002377721,0.000991716,0.001135227,0.002730012,0.002620908,0.002827547,0.003219858,0.00209279,0.002707277,0.001099479,0.001308019
0.001110195,0.002527587,0.000991624,0.001104092,0.002726072,0.0039656,0.002785885,0.003345027,0.001985755,0.002530738,0.001102965,0.001501452
0.001108739,0.002658187,0.000987872,0.001077731,0.00285576,0.002580259,0.002753948,0.003415475,0.001944533,0.002556776,0.00110865,0.001282628
0.001107487,0.002762953,0.000982002,0.001080012,0.002682403,0.002668238,0.002769154,0.00329336,0.001926031,0.002574754,0.001086389,0.001274674
0.001106999,0.002630433,0.000979386,0.001086868,0.002690367,0.004187372,0.002735305,0.003315618,0.001985795,0.002842073,0.001108212,0.001230196
0.001106816,0.002470064,0.000980005,0.001108521,0.002911113,0.003319857,0.002719778,0.003200736,0.002030753,0.002705453,0.00109136,0.001712696
0.001104825,0.002619304,0.000975305,0.001074233,0.002836723,0.002429474,0.002738351,0.003133916,0.002028267,0.002828169,0.001108609,0.001332027
0.001101569,0.00264243,0.000975281,0.001080407,0.002752532,0.002898019,0.002790621,0.003484348,0.002040934,0.002737649,0.001076808,0.00134335
0.001107811,0.002376545,0.000973857,0.001064074,0.002715467,0.003735655,0.002727658,0.003205962,0.001951966,0.002474156,0.001059529,0.001316865
0.001105129,0.002594059,0.000971448,0.001076438,0.002709349,0.002514238,0.002665802,0.003219661,0.001968227,0.002674088,0.001072749,0.001403681
0.001104028,0.00285188,0.000968266,0.001075003,0.002723336,0.002894402,0.002674583,0.003105448,0.001997368,0.002744387,0.00107367,0.001468916
0.001103234,0.002799262,0.000974516,0.00105588,0.002712662,0.003053412,0.002641108,0.003228732,0.00193109,0.002624591,0.001104037,0.0012588
0.001107058,0.002777759,0.000977924,0.001077687,0.002626618,0.002737684,0.002694793,0.003090775,0.001992784,0.002975428,0.001134506,0.001278409
0.00110282,0.002494029,0.000964706,0.001061979,0.002626467,0.002800364,0.002636584,0.003093338,0.002151583,0.002519141,0.001190879,0.001491064
0.001099913,0.002783754,0.000971379,0.001072198,0.002640293,0.00250964,0.002605087,0.00318076,0.001899992,0.002467549,0.001153515,0.001419758
0.00109823,0.002654638,0.000964366,0.001059252,0.002849387,0.003342086,0.00261706,0.003110486,0.001863338,0.002355841,0.001160486,0.001334379
0.00110406,0.002518711,0.00096681,0.001101005,0.002652152,0.002667696,0.00259589,0.003165991,0.001869902,0.002365312,0.001080861,0.001272252
0.001097896,0.002481098,0.000963877,0.001076685,0.002623529,0.002538002,0.002583905,0.003127761,0.001839904,0.002403155,0.001065539,0.001362842
0.001098435,0.00261411,0.000959825,0.001054399,0.002659,0.00365593,0.002551237,0.003097359,0.001847819,0.002607525,0.001054403,0.001346929
0.001101103,0.002531469,0.000957963,0.001063777,0.002805527,0.00244486,0.002612476,0.003208444,0.0018786,0.002468269,0.001054051,0.001532935
0.001097562,0.002552107,0.000962039,0.001067666,0.002862086,0.003503028,0.002711995,0.003114123,0.001831164,0.002445975,0.00106266,0.001684315
0.001098961,0.002455927,0.000958004,0.001050591,0.00267473,0.003004135,0.002635591,0.002982933,0.001827667,0.002416613,0.001082414,0.001352814
0.001097788,0.00273139,0.000958362,0.00106663,0.002698547,0.002478588,0.002525064,0.003181158,0.001812704,0.002430071,0.001086192,0.001451323
0.00109679,0.002603434,0.000950465,0.001053072,0.002816811,0.002819321,0.002520945,0.003208981,0.001824275,0.002380584,0.001064387,0.001648037
0.001098618,0.002420519,0.000958446,0.001054143,0.002618068,0.003391096,0.002524022,0.00299968,0.001783325,0.002301688,0.001081684,0.001342411
0.001094893,0.002618778,0.000953932,0.001058823,0.002804987,0.002823515,0.00249292,0.00318119,0.001817728,0.002496017,0.001072614,0.001462327
0.001098034,0.002565902,0.000951586,0.001047779,0.002646523,0.002449377,0.002493738,0.003033118,0.001963805,0.002475796,0.001080223,0.001433326
0.001102724,0.002722967,0.000945221,0.001043758,0.002636683,0.002763874,0.002460048,0.002870242,0.001912765,0.002282734,0.001074997,0.001459057
0.001095462,0.002839685,0.000947543,0.001054727,0.002586393,0.002567354,0.002472536,0.00293628,0.001940482,0.002359952,0.001050228,0.001633933
0.001094971,0.002756405,0.000948251,0.001068133,0.002592651,0.002653987,0.002457162,0.002925046,0.001811701,0.00228073,0.001056159,0.001564222
0.001099659,0.002629608,0.000943558,0.001047829,0.002568804,0.003069131,0.002477728,0.003325258,0.001791595,0.002382947,0.001047238,0.001673742
0.001105207,0.002186522,0.000947216,0.001040567,0.002565757,0.002497009,0.002528965,0.00284664,0.001908555,0.002318189,0.001050396,0.001492966
0.001114987,0.002510911,0.000943401,0.00103165,0.002604568,0.002788464,0.00245208,0.002905023,0.00198724,0.002665538,0.001093798,0.001507943
0.001101846,0.00241452,0.000953759,0.00104799,0.00256407,0.002938236,0.002412685,0.003049143,0.001785012,0.002255602,0.001106903,0.001753331
0.001097019,0.002614167,0.000946478,0.001083425,0.002584459,0.002689506,0.002423811,0.003081856,0.001752083,0.002216398,0.00107559,0.002140176
0.001094003,0.00281073,0.000935556,0.001026746,0.002609086,0.002430305,0.002417934,0.002788893,0.001754133,0.002239906,0.001147193,0.002129798
0.001091724,0.002666129,0.000935054,0.001048731,0.002766326,0.002576304,0.002415136,0.002996447,0.001725689,0.002220777,0.001097907,0.001541565
0.001098525,0.002639271,0.000934833,0.001041089,0.002578799,0.002787215,0.002394111,0.002938615,0.001760773,0.002183398,0.00105826,0.002120345
0.001092335,0.002702277,0.00094375,0.001022409,0.002560761,0.002602981,0.002395187,0.00294233,0.001745899,0.002219622,0.001108256,0.001704558
0.001089756,0.002399677,0.000937676,0.001039315,0.002592863,0.002425012,0.002348339,0.002961734,0.001744923,0.002192192,0.00112906,0.001579381
0.001100678,0.002626332,0.000935681,0.001030295,0.002630113,0.003316333,0.002349773,0.002964469,0.001741616,0.002169785,0.001124095,0.001482565
0.001088028,0.002542288,0.000932497,0.00103749,0.002616655,0.002494258,0.002353799,0.003024253,0.001769943,0.002169114,0.001070338,0.001519973
0.00108769,0.002660765,0.00092665,0.00105948,0.00252076,0.003043737,0.002328652,0.002819583,0.001739447,0.002353542,0.001081348,0.00158822
0.001090214,0.002444627,0.000923307,0.001016366,0.002539201,0.003131371,0.002344063,0.00297375,0.001841655,0.002402673,0.001047818,0.001562015
0.001089089,0.002430488,0.000925389,0.001024328,0.002571185,0.002431474,0.002384787,0.002912985,0.001713061,0.002310481,0.001052636,0.001870491
0.00110195,0.002247558,0.000930045,0.001039043,0.002534318,0.003108058,0.002322269,0.002829463,0.001715523,0.002392939,0.001066784,0.001497754
0.00109355,0.002431579,0.000926953,0.00102277,0.002521829,0.002445769,0.002317921,0.002875092,0.001721653,0.002213961,0.001066953,0.001695469
0.001091819,0.002369946,0.000932019,0.001030583,0.002546202,0.002543859,0.002296638,0.002770716,0.001725983,0.00216366,0.001031412,0.001985101
0.001097068,0.002460091,0.000929629,0.001018262,0.00253912,0.002896969,0.002307059,0.002745595,0.001749388,0.002157095,0.001061757,0.001518864
0.001085713,0.002594176,0.000922586,0.001049858,0.002610347,0.002620331,0.002325063,0.003184553,0.001710566,0.002233885,0.001084149,0.001507903
0.001082879,0.002456038,0.000920137,0.001058004,0.002512763,0.002497401,0.002287992,0.002840948,0.001704218,0.002142176,0.001059795,0.00152454
0.001092675,0.002256076,0.000918638,0.00104574,0.00252386,0.003016458,0.002249924,0.002780137,0.001835051,0.002428056,0.001038077,0.001559974
0.001104172,0.002440292,0.000923688,0.0011079,0.002506769,0.002472778,0.002262622,0.002884353,0.00182006,0.002171498,0.00106419,0.001479128
0.001086989,0.002661558,0.000921524,0.001064906,0.002496262,0.002597756,0.002246437,0.002715179,0.001786849,0.002159599,0.001036259,0.001706793
0.001083473,0.002552846,0.000915412,0.001033255,0.002461181,0.00249617,0.002245608,0.002989602,0.001725346,0.00220922,0.001034247,0.001818518
0.00108211,0.002540238,0.000922551,0.001071811,0.002463724,0.002647917,0.002265051,0.002687255,0.001630804,0.002115416,0.001047618,0.002004129
0.001081979,0.002432895,0.000922643,0.001057941,0.002456823,0.002503201,0.002233434,0.002621059,0.001632591,0.00216214,0.001104116,0.002349226
0.001090092,0.002384956,0.000913513,0.001033267,0.002459965,0.002367394,0.002222967,0.002653225,0.00166159,0.002337704,0.001203633,0.002957234
0.001096308,0.002616308,0.00090913,0.001038608,0.002609313,0.002659625,0.002220161,0.002714424,0.001678294,0.002090143,0.001105268,0.001634118
0.001084957,0.002593318,0.000917725,0.0010833,0.002478922,0.002328156,0.002190559,0.002686183,0.001652673,0.002197122,0.00105792,0.00215679
0.001090023,0.002856524,0.000907236,0.001011696,0.002446058,0.002868848,0.002236063,0.002764607,0.001684693,0.002177375,0.001109184,0.001641084
0.001082606,0.002555443,0.000910887,0.001020338,0.00254737,0.002451183,0.002311569,0.002622251,0.001712479,0.00244622,0.001023776,0.001715292
0.001078803,0.002651997,0.000910339,0.001032543,0.002436272,0.002314596,0.002240799,0.00301412,0.001644183,0.00229185,0.001031421,0.001738867
0.001079655,0.002906826,0.00090453,0.001014186,0.002491849,0.002994315,0.002219783,0.002678888,0.001624056,0.002104804,0.001034761,0.001998877
0.00109027,0.002983101,0.000902482,0.001004956,0.002448101,0.002559339,0.002197956,0.003202708,0.001618067,0.002105139,0.001050189,0.002301912
0.00108183,0.002524428,0.000901998,0.001044416,0.002430456,0.002438621,0.002189224,0.002753421,0.001634924,0.002070553,0.001063597,0.001699829
0.0010769,0.002568142,0.000928711,0.00104311,0.002427962,0.002262777,0.002204035,0.002519252,0.001595,0.002260783,0.001059157,0.001619783
0.001077592,0.002464625,0.000934251,0.000991494,0.002490481,0.002921302,0.002170486,0.00258875,0.001626569,0.002205117,0.001112003,0.001886263
0.001082408,0.002530704,0.000911601,0.001013557,0.002455823,0.002262348,0.002140426,0.002547428,0.001593336,0.002109217,0.001032577,0.001980121
0.001075594,0.002781573,0.000899796,0.001030083,0.002471777,0.002487159,0.002144675,0.002575568,0.001614477,0.002254134,0.001057729,0.002264352
0.001081771,0.002802689,0.000898925,0.001012376,0.002429022,0.003104191,0.002141466,0.002701433,0.001639028,0.002278547,0.001042649,0.002179648
0.001082743,0.002991487,0.00089591,0.00104498,0.00247989,0.002795898,0.00214164,0.002760328,0.001601871,0.002033977,0.00102419,0.001920997
0.001083937,0.002556002,0.000894066,0.001033831,0.002400202,0.002734562,0.002127681,0.002531511,0.001591936,0.002133254,0.001019213,0.001951355
0.001081875,0.002582659,0.000892281,0.001034419,0.00240538,0.002286046,0.00218353,0.002921935,0.001603293,0.00221707,0.001033665,0.001898718
0.00109279,0.002235029,0.000893948,0.001041022,0.002435508,0.002330804,0.002173087,0.002508553,0.001595364,0.00216813,0.001051529,0.001673828
0.001083417,0.002400063,0.000895298,0.001091604,0.002391907,0.002283109,0.002100439,0.002602945,0.001619558,0.002047038,0.001082193,0.002289768
0.001078577,0.002594173,0.000892411,0.001007719,0.002412291,0.002252115,0.002108155,0.002551706,0.001609874,0.002063525,0.00101481,0.002315766
0.001075348,0.00257,0.00089086,0.001033216,0.002444871,0.002391245,0.002111195,0.002534516,0.001556263,0.002208501,0.001024359,0.002326591
0.001075204,0.002561362,0.000889331,0.001017789,0.002366427,0.002893113,0.002109968,0.002753792,0.001570403,0.002236451,0.001022542,0.001943358
0.001074981,0.002582801,0.000884567,0.001026946,0.002409311,0.002572213,0.002100871,0.002491587,0.001555139,0.002030643,0.00101136,0.002018006
0.001078816,0.002698243,0.000894389,0.001045781,0.002342862,0.002661806,0.002070989,0.00255246,0.001573557,0.002053979,0.00101691,0.0022658
0.00108754,0.002628715,0.000883532,0.001031335,0.002371304,0.002296571,0.002093821,0.002764985,0.001645249,0.002620332,0.001033428,0.002049944
0.00107474,0.002481178,0.000886781,0.001035098,0.002368712,0.002593866,0.002140348,0.003045476,0.001621612,0.001988866,0.00101628,0.002411798
0.001079947,0.002316576,0.000883437,0.001023289,0.002374098,0.002484403,0.002126333,0.002437832,0.001590426,0.002027192,0.001028947,0.00205829
0.001074088,0.002454483,0.000882934,0.001020046,0.002367607,0.002157231,0.002054475,0.002832814,0.001643901,0.002058692,0.001037431,0.001869626
0.001073435,0.002379222,0.000879976,0.001006455,0.002336767,0.002270336,0.002087974,0.002504637,0.001578907,0.002051901,0.001035377,0.002000718
0.001075643,0.002413493,0.00088319,0.001051924,0.002318832,0.002444485,0.002080176,0.002470481,0.001551001,0.001989875,0.001010283,0.002395631
0.00107264,0.002647135,0.00088238,0.001000564,0.002300939,0.002450449,0.002056427,0.002581354,0.001549902,0.001968657,0.001048389,0.00250953
0.001070878,0.002489452,0.000879483,0.001023243,0.002312431,0.002280603,0.002066584,0.00245377,0.001549644,0.001986502,0.00103586,0.001984788
0.001074487,0.002493077,0.000889235,0.001017574,0.002304859,0.002195732,0.00203292,0.002408271,0.001561655,0.001954863,0.001024709,0.00233021
0.001070866,0.002499206,0.000877437,0.000989081,0.002326308,0.002173391,0.002030656,0.002691289,0.001538524,0.00202574,0.001014411,0.002294359
0.001082301,0.002212586,0.000879624,0.001031978,0.002325413,0.002366782,0.002053154,0.002363025,0.001516402,0.002080553,0.001020865,0.001857325
0.001077172,0.002539252,0.000872933,0.001048096,0.002263718,0.002385474,0.002033403,0.002372768,0.001566832,0.002392512,0.001082339,0.002075805
0.001068861,0.002366249,0.000871797,0.000999222,0.00227949,0.00297067,0.00199495,0.002658828,0.001556498,0.002170728,0.001040332,0.002003355
0.001071267,0.002327323,0.000871206,0.001014741,0.002301754,0.002198232,0.001992723,0.002758867,0.001527505,0.002015074,0.001041086,0.00206137
0.001072034,0.002501235,0.000874379,0.001057766,0.002264076,0.002741113,0.002002988,0.002482147,0.0015426,0.001989193,0.00100008,0.002271639
0.001068148,0.002622889,0.000873535,0.001018029,0.002323562,0.002669582,0.002001206,0.002366659,0.001613811,0.002520219,0.00100762,0.002383017
0.001070371,0.002553238,0.000872322,0.001074014,0.002268878,0.002388915,0.001987788,0.002684263,0.001618284,0.001994689,0.001009522,0.002115188
0.001068601,0.002396974,0.000870954,0.001080726,0.002249711,0.002205984,0.001990946,0.002471026,0.0015297,0.001982347,0.001068312,0.002226485
0.001071694,0.002461751,0.000889369,0.001047879,0.002278097,0.002137826,0.001959223,0.002329859,0.001629143,0.002179023,0.001098368,0.002037645
0.001071898,0.002468199,0.000875073,0.001001673,0.002306328,0.002239782,0.00198692,0.002648494,0.001569703,0.002054128,0.001066786,0.002936349
0.001070953,0.002534604,0.000867091,0.000972987,0.002224737,0.002307817,0.002007255,0.002403717,0.001527907,0.001922144,0.001042652,0.00240452
0.001067757,0.002295094,0.000873863,0.000986114,0.002221569,0.002583827,0.001956888,0.002520961,0.001488482,0.001969685,0.001004265,0.002142944
0.001080363,0.002508105,0.000879609,0.001037823,0.002230846,0.002550834,0.00193498,0.002437957,0.00153299,0.002200986,0.001015161,0.002568772
0.001073863,0.002924979,0.000864372,0.001038417,0.002250861,0.002147419,0.001955293,0.002726046,0.001495959,0.002302978,0.000998776,0.002725248
0.001082069,0.002794651,0.000862588,0.001025591,0.002226513,0.002340767,0.001945922,0.002504402,0.001510648,0.002148187,0.00100472,0.002484885
0.001070319,0.002538927,0.000867226,0.001004406,0.002197644,0.002336788,0.001936035,0.002591971,0.001493578,0.002417234,0.001031919,0.002598066
0.001071711,0.002451655,0.000861635,0.001019826,0.002180577,0.002129182,0.0019543,0.002511438,0.001695891,0.002089681,0.001020421,0.002786187
0.001070268,0.002329413,0.000869584,0.000973508,0.002238463,0.002102595,0.001945699,0.0024093,0.001507897,0.001994913,0.00099492,0.002296064
0.001068248,0.002653239,0.000861309,0.001029903,0.002226462,0.00208396,0.001915585,0.002560454,0.001466172,0.001985667,0.000992603,0.002626886
0.001069103,0.002554687,0.000868151,0.000996625,0.002179726,0.002083386,0.001904698,0.002518018,0.001478064,0.00197219,0.000993217,0.002491287
0.001066862,0.002447966,0.000862029,0.0009819,0.002179897,0.002542126,0.001904425,0.002496703,0.001484667,0.002235117,0.000997859,0.002848353
0.001070047,0.002366447,0.000858329,0.001007652,0.002175353,0.002404538,0.001927914,0.002790236,0.001529567,0.002062565,0.000990214,0.002676352
0.001070962,0.002666496,0.000854928,0.001048291,0.002168697,0.002373496,0.001917775,0.002249952,0.001500509,0.002114556,0.001001947,0.002693659
0.001073219,0.002415016,0.000855483,0.00101037,0.002158025,0.002171318,0.001906346,0.002525185,0.001474163,0.002242288,0.00101524,0.003062438
0.001064408,0.002536396,0.000855481,0.001022951,0.002156486,0.002254385,0.001911499,0.002355858,0.001469893,0.002192234,0.000986375,0.002972696
0.001066154,0.002378018,0.000857448,0.001001716,0.002147325,0.002113555,0.001912301,0.002204533,0.001468728,0.001923369,0.001016155,0.002652556
0.001071017,0.002546794,0.000855237,0.000996374,0.002189267,0.002259826,0.001898495,0.002310077,0.001470975,0.001877445,0.001009653,0.002619495
0.001063928,0.002596655,0.000859391,0.000992971,0.002149347,0.002718442,0.001849975,0.002349859,0.001497212,0.001895565,0.001014157,0.002528019
0.001065315,0.002623059,0.000848998,0.001033842,0.002201552,0.002441338,0.001854721,0.002221907,0.001466111,0.001894938,0.001004641,0.003307476
0.00107134,0.00258171,0.000862818,0.001109633,0.002140978,0.002226051,0.001915006,0.002761537,0.001452343,0.001911008,0.000993669,0.002887897
0.001089704,0.00303906,0.000859395,0.001035377,0.002113031,0.002172656,0.001840283,0.002374337,0.001485747,0.001879013,0.000977845,0.003010197
0.001071182,0.002626635,0.000850272,0.001023812,0.002093083,0.002102391,0.001800383,0.002418069,0.001507411,0.001982019,0.00101119,0.002480116
0.001065894,0.002540403,0.000848688,0.000984219,0.002091078,0.002347838,0.001809442,0.002376805,0.00149563,0.002207662,0.001055567,0.003115654
0.001066105,0.002593298,0.000848226,0.001010047,0.0020842,0.00209245,0.00184252,0.00212197,0.001479479,0.002276327,0.000987596,0.003223402
0.001066084,0.002682659,0.000845336,0.001037218,0.002164182,0.002527011,0.001868743,0.002552157,0.001486679,0.002189768,0.000971573,0.002970254
0.001066701,0.002598962,0.000844484,0.001040815,0.002199307,0.002060655,0.001843562,0.002270861,0.001437092,0.001914748,0.000975955,0.003885124
0.001087411,0.002730524,0.00084619,0.001062279,0.00213041,0.002044226,0.001841832,0.002222864,0.001429526,0.001945146,0.001004306,0.003177285
0.001092245,0.002225572,0.000856382,0.001064482,0.002070077,0.00300248,0.001938961,0.002458968,0.001435264,0.001841097,0.000982422,0.002902364
0.00106734,0.002382262,0.000843405,0.000998603,0.002150291,0.002216998,0.001753306,0.00220466,0.001438333,0.001906913,0.001040137,0.002816922
0.001063052,0.002444684,0.000845028,0.001025256,0.002466314,0.002190507,0.001768266,0.002344146,0.001408234,0.001854991,0.001014661,0.003242494
0.00106089,0.002443084,0.000848674,0.001011286,0.002301328,0.002009418,0.001754841,0.0023905,0.001418022,0.001936027,0.00101938,0.003982303
0.001063097,0.002651856,0.000842103,0.001113331,0.002102602,0.002067251,0.001751037,0.002242323,0.001423194,0.00189403,0.001058655,0.00350689
0.001061095,0.002343131,0.000845775,0.001048902,0.002050622,0.002070358,0.001785674,0.00216403,0.001407607,0.002015615,0.001041187,0.00279192
0.001062287,0.002405202,0.000839621,0.000990284,0.002056808,0.002170885,0.001838441,0.00268247,0.001425647,0.002099017,0.001007624,0.002708372
0.001059844,0.002381278,0.000841591,0.001003737,0.002038548,0.00209043,0.00176791,0.002577136,0.001437205,0.002292009,0.000990443,0.00334944
0.001061463,0.002354158,0.0008377,0.001041731,0.002020647,0.002046619,0.001744079,0.002117587,0.001456027,0.002067317,0.00097416,0.002868934
0.001061099,0.002154719,0.000838226,0.000978279,0.002068518,0.002307559,0.001732229,0.002239342,0.001435724,0.00194483,0.001024676,0.00317783
0.001067854,0.002381399,0.000852766,0.001004154,0.002028517,0.002062196,0.00170849,0.002131457,0.001402139,0.002039178,0.001005385,0.002994558
0.001061097,0.002543114,0.000837491,0.001041476,0.002017332,0.002047766,0.00176057,0.002066838,0.001399442,0.002140684,0.000992157,0.00341427
0.001057678,0.002485898,0.000836882,0.000993109,0.002026494,0.002030643,0.001721397,0.002126493,0.001407126,0.001959145,0.000967373,0.003592066
0.001058864,0.00252433,0.000832584,0.00099343,0.002046325,0.002231394,0.001718909,0.002429663,0.00139829,0.001965889,0.000968284,0.003636571
0.001059229,0.002542317,0.00083627,0.001057421,0.002002144,0.002205326,0.001686676,0.00221981,0.001390989,0.001861129,0.000972525,0.003332052
0.00106166,0.002434951,0.000832178,0.000989626,0.002007095,0.002001463,0.001708536,0.002047305,0.001394077,0.001949346,0.000965901,0.003461861
0.001063849,0.002400713,0.000835114,0.001085881,0.002027264,0.002051363,0.001699644,0.002290784,0.00142263,0.002114606,0.000975767,0.003469159
0.001057559,0.002392715,0.000839704,0.001017992,0.002011149,0.002839569,0.001689259,0.002451747,0.001432708,0.002227317,0.000976711,0.004186956
0.001060044,0.002393681,0.000830098,0.000965237,0.002049324,0.001984238,0.001664189,0.002107166,0.001475372,0.002180676,0.000986802,0.003287524
0.001067243,0.002573956,0.000839361,0.000985621,0.002035201,0.00196866,0.001664072,0.002215523,0.001380921,0.001813592,0.000977484,0.003529132
0.001080298,0.00271149,0.000844023,0.000987019,0.001981943,0.002011064,0.001645652,0.002134988,0.001376743,0.001985611,0.000954472,0.003817244
0.001064273,0.002648974,0.000824002,0.000995491,0.002058561,0.002028486,0.001648055,0.002132529,0.001370378,0.002060715,0.000957634,0.003812883
0.00106105,0.002465324,0.000833405,0.00102673,0.002032807,0.001988899,0.001646633,0.002185976,0.001376802,0.001968767,0.00099469,0.003564275
0.001058862,0.002557022,0.000825166,0.001019682,0.002008991,0.002226422,0.00163751,0.002190144,0.001377571,0.001821444,0.001019684,0.003488436
0.001057106,0.002291872,0.000820702,0.001012715,0.001978797,0.002373147,0.001633455,0.002180152,0.00136275,0.001940997,0.001024081,0.003220436
0.001059763,0.002411405,0.00082014,0.000996692,0.0020123,0.00204633,0.001628375,0.002139318,0.001373007,0.001847688,0.000967218,0.003253911
0.001060463,0.002366206,0.000823917,0.001037747,0.001995649,0.002169808,0.001644811,0.002148114,0.001388767,0.001803393,0.000974525,0.003451104
0.001059749,0.002484739,0.000823815,0.001004502,0.002095609,0.002100427,0.001629317,0.002299582,0.001431294,0.001919742,0.000955238,0.003826142
0.001056566,0.002569829,0.000819563,0.001021992,0.00201921,0.0021048,0.001633131,0.002001108,0.001502341,0.002081129,0.000943604,0.003631071
0.001059103,0.00262281,0.000815244,0.001033695,0.001948283,0.001957288,0.001622466,0.002130067,0.00139943,0.001902495,0.000961207,0.004095635
0.001059176,0.002380081,0.000817512,0.001059967,0.002046312,0.001965469,0.001643641,0.002331985,0.001347232,0.002012507,0.000956048,0.00366369
0.001066292,0.002217226,0.000819065,0.000970497,0.002003668,0.002198886,0.001634335,0.00215221,0.001369128,0.001904552,0.001002522,0.003542396
0.001059922,0.00215825,0.000820445,0.000993934,0.001955243,0.002155485,0.001626796,0.00219821,0.001386765,0.001888866,0.000979028,0.004250498
0.0010687,0.002208988,0.000815474,0.001005752,0.001951353,0.001945702,0.001623056,0.002073141,0.001378474,0.001815813,0.000968685,0.003883414
0.001061472,0.002331757,0.000810659,0.00100164,0.001975509,0.002002161,0.001605565,0.002097336,0.001451917,0.001980245,0.000984787,0.004287096
0.001056095,0.002234086,0.000813442,0.001064753,0.001938184,0.002238785,0.001593085,0.001924175,0.001398858,0.00238873,0.000976199,0.004369644
0.001060794,0.002259035,0.000810339,0.001019928,0.001919445,0.002478152,0.001587437,0.002092866,0.00141061,0.002034936,0.000968728,0.00369563
0.00106305,0.002679148,0.000809337,0.001000818,0.001961626,0.002243594,0.001592177,0.002293576,0.001374035,0.002198803,0.001021782,0.003722754
0.001062283,0.002579202,0.00080921,0.00103851,0.001962537,0.002070448,0.001582694,0.002214046,0.001390431,0.001899922,0.000938829,0.004647898
0.001056318,0.002313472,0.000808318,0.001098728,0.001898173,0.002216031,0.001598352,0.001967487,0.001354654,0.00180523,0.000943117,0.004193785
0.001054702,0.002521717,0.000808993,0.000987052,0.001900101,0.002066981,0.001604069,0.002242077,0.001343133,0.001906063,0.000956532,0.003863834
0.001054021,0.002542581,0.000815868,0.000958633,0.001908823,0.001957588,0.001620278,0.001978433,0.001325197,0.001776873,0.000986195,0.004033717
0.001053676,0.002370552,0.000818313,0.001121338,0.001918915,0.002101243,0.001581021,0.002333372,0.001326302,0.001797893,0.000982738,0.004515516
0.001053794,0.002338757,0.000820759,0.001117903,0.001892767,0.002525397,0.001596758,0.001980502,0.00131804,0.001931443,0.000942675,0.004494484
0.0010618,0.002165496,0.000843089,0.000951786,0.001985207,0.001936185,0.001547753,0.002268368,0.001368113,0.001861132,0.000977068,0.004396923
0.001063212,0.002293525,0.000804925,0.001018791,0.002011815,0.00201905,0.001556774,0.002242229,0.001355367,0.00197915,0.000985585,0.00459337
0.00105518,0.002458789,0.000803086,0.001053154,0.001906395,0.002041243,0.001589199,0.00201791,0.001323911,0.001842718,0.000972857,0.003651937
0.001053968,0.002393841,0.000801556,0.001038475,0.001928494,0.002193673,0.001547809,0.002158515,0.001329267,0.001874005,0.000952992,0.003961578
0.00105286,0.002382397,0.000801701,0.001002324,0.002051356,0.001921939,0.0015485,0.002154899,0.00133275,0.001990389,0.000966233,0.004517142
0.001051932,0.002397117,0.000800859,0.00103303,0.001971545,0.001994191,0.001551782,0.00213425,0.001339129,0.001883757,0.000971185,0.004243049
0.001054953,0.002606112,0.000797214,0.001009262,0.001916597,0.002565132,0.001549549,0.001979963,0.001309913,0.001844668,0.000933246,0.005075916
0.001052408,0.002367046,0.000796966,0.001108529,0.001925765,0.00196161,0.001544777,0.002013573,0.001301015,0.001740716,0.000954607,0.004766935
0.00105211,0.002470428,0.000800354,0.001103614,0.001898994,0.001913681,0.001549369,0.002388035,0.001326736,0.001865671,0.000923046,0.004242968
0.001061041,0.002718576,0.000807957,0.000971305,0.00186997,0.001910618,0.001597503,0.002005614,0.001309835,0.001937842,0.000919115,0.00453519
0.001065941,0.002285921,0.000801735,0.001007746,0.001853736,0.001906803,0.001528284,0.002092142,0.001294616,0.001892709,0.000916093,0.004872482
0.001055434,0.002449295,0.000797607,0.001020197,0.001874148,0.00215771,0.001545688,0.002007643,0.001294608,0.00188903,0.000932277,0.004358533
0.001054881,0.002410878,0.000793744,0.001019609,0.001912742,0.002052889,0.001527953,0.001973653,0.001327413,0.0019101,0.000932795,0.004164501
0.001049788,0.002557931,0.000793128,0.000991963,0.001825388,0.001928434,0.001541878,0.002010905,0.001314284,0.001810484,0.000934658,0.004368459
0.001049968,0.002309275,0.000806345,0.001148312,0.001843053,0.001915777,0.001508917,0.002187911,0.001377138,0.001766912,0.000925133,0.00509927
0.001048666,0.002338872,0.000809261,0.001057591,0.001819536,0.002242661,0.001549854,0.002452341,0.001365532,0.001754612,0.000918215,0.005257356
0.001056491,0.002333265,0.000790968,0.001121208,0.001829361,0.002243451,0.001597851,0.001886867,0.001333175,0.001746283,0.000935332,0.004571405
0.001048363,0.002603718,0.000791307,0.000966139,0.001875526,0.002066524,0.001552548,0.002286521,0.001384406,0.001750656,0.000913092,0.005254714
0.001065304,0.002507958,0.000792987,0.001171146,0.001808668,0.001991793,0.001512868,0.001960282,0.001349063,0.001941096,0.000930193,0.005827948
0.001067131,0.002056595,0.000792817,0.001008631,0.001816556,0.001916061,0.001507047,0.002378299,0.001341409,0.001756987,0.000970854,0.005327871
0.001062698,0.002245103,0.000789442,0.000985509,0.001858864,0.001971053,0.001516163,0.00239297,0.001312377,0.001945894,0.00093076,0.005155264
0.001050091,0.002574106,0.000783516,0.000986849,0.001800289,0.001910638,0.001512516,0.001798773,0.001337515,0.001871918,0.000920993,0.00531752
0.001054571,0.002287735,0.000787336,0.001030442,0.001854142,0.002331706,0.001564235,0.002076916,0.001333379,0.001763763,0.000921852,0.005405633
0.001049389,0.002555877,0.000786035,0.001086587,0.001840506,0.002011517,0.001526775,0.00201363,0.001288676,0.001908636,0.000971191,0.005349706
0.001054567,0.002615659,0.000784682,0.001060546,0.001788403,0.001901262,0.001481893,0.002053586,0.001311884,0.001985475,0.00092415,0.005311639
0.001051172,0.002331347,0.000781726,0.001010905,0.001817817,0.00195864,0.001467697,0.002028274,0.001287387,0.002060269,0.00090752,0.005058533
0.001052053,0.002555641,0.000791215,0.0010247,0.001792688,0.001999927,0.001495113,0.001837558,0.001300188,0.002178259,0.000922139,0.004955169
0.001049089,0.002522059,0.000779882,0.001049252,0.001780329,0.001921822,0.001487447,0.002126762,0.001337502,0.001981403,0.000917424,0.005911771
0.001049138,0.002477214,0.000780025,0.001017056,0.001850592,0.002431718,0.001527178,0.00186271,0.001288764,0.00214187,0.000908085,0.005340898
0.001048009,0.002282432,0.000781803,0.001030923,0.001865225,0.001930002,0.001500543,0.002128796,0.00127259,0.001719583,0.000915316,0.00514576
0.001049204,0.00238651,0.000775408,0.001074017,0.001769604,0.002101779,0.001483411,0.002017129,0.001301457,0.001708574,0.000905658,0.005191307
0.001046737,0.002627961,0.000776439,0.001118936,0.001798817,0.002498308,0.001485181,0.002078136,0.001271992,0.0017908,0.000905417,0.005277551
0.00104724,0.002367167,0.000779332,0.000970925,0.001859612,0.001928595,0.001502629,0.002211524,0.001295654,0.001900991,0.000909612,0.005424202
0.001048063,0.00228252,0.000770828,0.001019469,0.001857813,0.001963223,0.001511127,0.001865545,0.001275016,0.001938852,0.000929789,0.00546092
0.00106092,0.002805652,0.00077786,0.001040334,0.001823187,0.002597189,0.001488662,0.002311393,0.001254789,0.001706739,0.000932683,0.005438833
0.001059578,0.002562617,0.000771255,0.001024842,0.001895124,0.001896009,0.001457109,0.001991009,0.001345641,0.001717673,0.000895942,0.00518038
0.001047315,0.002362186,0.000770622,0.001012689,0.001803025,0.001907045,0.001456452,0.002124435,0.00128235,0.001717515,0.000912199,0.005858395
0.001045059,0.00233186,0.00077391,0.000949638,0.001769814,0.001997398,0.001465373,0.002035584,0.001322459,0.001767754,0.000891108,0.005684596
0.001056509,0.002870354,0.00078394,0.000983898,0.001744044,0.00221196,0.001427836,0.001926769,0.001269897,0.001722233,0.000913553,0.00610362
0.00107227,0.002497314,0.00078336,0.001001966,0.001803484,0.001900618,0.001452461,0.002134348,0.001255583,0.001745943,0.000899084,0.006092476
0.001058414,0.002306967,0.000770779,0.001087931,0.001977619,0.001979379,0.001444875,0.001919567,0.001247813,0.001787256,0.000970809,0.005783689
0.001043639,0.00245661,0.000766073,0.001063364,0.001800692,0.002375899,0.001432729,0.001980231,0.001244181,0.001688634,0.000935254,0.005583799
0.001052259,0.002638596,0.000762883,0.001055478,0.001801924,0.002085097,0.001420049,0.002160815,0.0013326,0.001705276,0.000943127,0.006008546
0.001050265,0.002515923,0.000765684,0.00098989,0.001753732,0.001980562,0.001432262,0.001858801,0.001275392,0.001825488,0.000948289,0.005871227
0.001044278,0.002431401,0.000768545,0.001019088,0.001731716,0.002132167,0.001442626,0.002258425,0.001265219,0.001876229,0.000896658,0.005053529
0.00104524,0.00235185,0.000777004,0.001109916,0.001795456,0.001998483,0.001418269,0.001953254,0.001231222,0.001795305,0.000934565,0.006045451
0.001053537,0.00256096,0.00076584,0.001014241,0.00178407,0.001895019,0.001453561,0.00184871,0.001250702,0.001764848,0.00088823,0.005836429
0.00104755,0.002549797,0.000757972,0.00097839,0.001746474,0.001914352,0.001456146,0.001984652,0.001253667,0.00174045,0.000882459,0.006028526
0.001046063,0.002432145,0.000761406,0.001067634,0.001738375,0.001950689,0.001436316,0.002181676,0.001228469,0.001684873,0.000891526,0.005725038
0.001042881,0.002482873,0.000757827,0.001040112,0.001740854,0.002138007,0.001412647,0.002110354,0.001281586,0.001704731,0.000878048,0.006636657
0.001043635,0.002247043,0.000755499,0.001027994,0.001720036,0.002057749,0.001425864,0.002055881,0.001260301,0.001803087,0.000925901,0.006332586
0.001046883,0.002230964,0.000757649,0.000986204,0.001736335,0.002007487,0.001418952,0.001729017,0.001289757,0.001806264,0.000873856,0.006669382
0.001059761,0.002167165,0.0007599,0.001050077,0.001705796,0.001883657,0.001411302,0.001970253,0.001237441,0.001905719,0.000887995,0.006379297
0.001048623,0.002303357,0.000754383,0.001013511,0.001739702,0.001907714,0.001422054,0.001843017,0.001245811,0.001834673,0.000907616,0.006818585
0.001044861,0.002335756,0.000755247,0.001092819,0.001726398,0.001893577,0.001404859,0.002097817,0.001230478,0.001703602,0.000974325,0.006145724
0.001043158,0.002413983,0.000749864,0.001129376,0.001720224,0.001925198,0.001419673,0.001880221,0.001268592,0.00188856,0.000891716,0.006711731
0.001042971,0.002290156,0.00075118,0.000981481,0.001717913,0.002278369,0.001452561,0.002074165,0.001233994,0.001816277,0.000879778,0.006484155
0.001046704,0.002385353,0.000754841,0.001176738,0.001732596,0.001929157,0.001426093,0.001982379,0.001225102,0.002039121,0.000879056,0.006041861
0.001042906,0.002280882,0.000749923,0.00107965,0.001689087,0.001899527,0.001401035,0.001880785,0.001250923,0.001867135,0.000894048,0.006397177
0.001045056,0.002338301,0.000748365,0.00108274,0.00171875,0.001900227,0.001383184,0.001976757,0.001248008,0.001891327,0.000896874,0.006807899
0.001041981,0.002370941,0.000749641,0.001025501,0.001730239,0.003131551,0.001406929,0.00182131,0.001208748,0.001895889,0.000878137,0.006898426
0.00104511,0.002484764,0.000745052,0.000979047,0.001863886,0.002324888,0.001384056,0.001965855,0.001211374,0.00188615,0.000895302,0.006678721
0.001044411,0.002109653,0.000754525,0.00103948,0.001706565,0.002326245,0.001394424,0.00201973,0.001228768,0.001915273,0.000865172,0.007235971
0.001051867,0.002193735,0.000747063,0.001045303,0.001792531,0.00286534,0.001382712,0.00183187,0.001213829,0.001884955,0.000859465,0.006150642
0.001050425,0.002398591,0.000746341,0.001007832,0.001796383,0.001955851,0.001372357,0.002051198,0.001202861,0.001796137,0.000852175,0.00647842
0.001052244,0.002784183,0.000753339,0.001127845,0.001700492,0.002204924,0.001370769,0.00196818,0.00119411,0.001697037,0.000866305,0.006764304
0.00106034,0.002612205,0.000747041,0.001021104,0.001734637,0.001997472,0.001359266,0.001928943,0.001204263,0.001655244,0.00086006,0.007027487
0.001045755,0.002419271,0.000749012,0.001035072,0.001671982,0.001964176,0.001359194,0.001880167,0.001205457,0.00170426,0.00086639,0.00804003
0.001042505,0.002446256,0.000747398,0.001223603,0.001779249,0.002144625,0.001414883,0.002501277,0.001191651,0.001761711,0.000866344,0.006703868
0.001040646,0.002290032,0.000760408,0.001037409,0.001673696,0.001964006,0.001400347,0.001831974,0.001189781,0.001646484,0.000905793,0.006599795
0.001044109,0.002346982,0.000742043,0.001095716,0.001679497,0.00188856,0.001388273,0.001774927,0.001241928,0.001811996,0.000859734,0.007165938
0.001045707,0.002582288,0.000738928,0.001079903,0.001659826,0.002065816,0.001368325,0.002181681,0.001245898,0.001957199,0.000852211,0.007520695
0.001047031,0.002304,0.000736741,0.001038274,0.00166118,0.002153995,0.001347665,0.001835977,0.001234744,0.001827603,0.000848365,0.007583931
0.001040247,0.002200624,0.000738932,0.001010548,0.001717867,0.001881422,0.0013512,0.001973692,0.001228448,0.001854274,0.000850562,0.006332442
0.0010479,0.002337459,0.00073681,0.001063629,0.001790361,0.001843803,0.001360522,0.001823141,0.001209116,0.001889508,0.000860976,0.006620061
0.001053362,0.002610118,0.000743382,0.001208731,0.001687254,0.001924394,0.001352679,0.002182218,0.001198298,0.001749953,0.000849324,0.007514708
0.001047009,0.002561155,0.000737786,0.001058381,0.001664717,0.00198797,0.001360481,0.00173419,0.001233604,0.001839943,0.000846467,0.007468529
0.001039543,0.002484693,0.000736202,0.001007126,0.001656166,0.001922235,0.001355119,0.00175258,0.001246193,0.001791013,0.000866146,0.006770525
0.00104175,0.002297813,0.000732653,0.001035303,0.001647483,0.002040618,0.001361017,0.001824788,0.001201089,0.001716022,0.000869847,0.007200259
0.00104481,0.002223952,0.000733841,0.001008572,0.001635552,0.002107488,0.001354864,0.001859781,0.001190598,0.001632005,0.000867824,0.007187027
0.001040152,0.002401218,0.000732247,0.001152848,0.001632971,0.001935104,0.001385387,0.0021978,0.00123699,0.001651738,0.000864017,0.008014515
0.001037503,0.002385241,0.000734536,0.001094354,0.001645542,0.001930287,0.001386952,0.001920571,0.001254434,0.001708405,0.000848664,0.007324235
0.001039192,0.002495608,0.000733456,0.001206637,0.001745804,0.00188222,0.001354937,0.002055326,0.00120257,0.001685011,0.000849592,0.007071207
0.001040542,0.002433037,0.000740487,0.001024031,0.001641185,0.002006288,0.001349795,0.001945891,0.001186649,0.002202017,0.000847076,0.007564058
0.001043113,0.00213703,0.000733919,0.001028792,0.001635386,0.001887404,0.001319365,0.001916025,0.001248446,0.00198043,0.000849194,0.008442461
0.001040763,0.002379552,0.000729942,0.001106631,0.001632879,0.00213246,0.001325013,0.001996985,0.001177279,0.001785412,0.000866544,0.007087727
0.00103611,0.00247373,0.000724838,0.00107385,0.001680146,0.002036503,0.001325491,0.001678607,0.001165182,0.001797132,0.000864399,0.007372887
0.001037745,0.002225811,0.000727635,0.001011883,0.001626382,0.002038938,0.001338994,0.002169988,0.001174963,0.001776687,0.000845303,0.008509492
0.001044436,0.002457406,0.000732367,0.001105556,0.001627533,0.001914426,0.001376398,0.001664322,0.001185499,0.001669676,0.000839099,0.007937042
0.00104224,0.002514804,0.000731748,0.001159037,0.001636247,0.002046338,0.001322195,0.001993492,0.001204626,0.00162513,0.000845107,0.008313137
0.001039513,0.002493326,0.000726621,0.00106706,0.001634115,0.001877135,0.001362853,0.001908835,0.001180101,0.001916091,0.000837273,0.007779178
0.001045912,0.002494452,0.000725842,0.00104248,0.001642604,0.002175204,0.001327377,0.002352116,0.001167209,0.001644874,0.000836439,0.007526921
0.001059656,0.002128119,0.000721837,0.00108927,0.001670907,0.002106181,0.001340052,0.001684294,0.00122309,0.001755325,0.000843119,0.00764243
0.001043066,0.002223789,0.000723906,0.001126988,0.001655627,0.001975342,0.001366907,0.002001113,0.001179009,0.001806837,0.000911531,0.008625099
0.001044675,0.002399053,0.000729578,0.001081224,0.001630682,0.002205916,0.001328751,0.001918563,0.001180448,0.001738274,0.000889171,0.008138216
0.00103703,0.002140353,0.000731161,0.001054863,0.001640591,0.001886548,0.00140622,0.001760189,0.001163327,0.001671206,0.000939216,0.007678379
0.001041679,0.002098746,0.00071828,0.001167713,0.001659674,0.00292275,0.0013707,0.002031975,0.001156274,0.001747632,0.000882751,0.00708043
0.001040107,0.002321316,0.000727616,0.00104077,0.001773127,0.001904306,0.001314041,0.001828382,0.001159376,0.001889333,0.000859988,0.008573052
0.00103546,0.002256024,0.000721803,0.001210816,0.001697445,0.001886179,0.00128795,0.001941069,0.001192833,0.001835905,0.000836837,0.008243386
0.001040255,0.002207505,0.000725135,0.001011706,0.001615153,0.001883027,0.00127583,0.002008713,0.001145144,0.00190164,0.000830323,0.008094026
0.001041514,0.002315719,0.000720672,0.001128826,0.001697648,0.001937794,0.001286829,0.001776856,0.001188618,0.001717131,0.00084846,0.008832931
0.001039329,0.002594015,0.000715857,0.001079815,0.001597984,0.002013976,0.001286103,0.001956817,0.001250484,0.001644236,0.000852775,0.00903304
0.001042301,0.002562779,0.000717434,0.001180507,0.001597662,0.001914655,0.001308846,0.001607773,0.001209585,0.001597785,0.000881091,0.007347045
0.001036422,0.002227192,0.000712104,0.00118153,0.001584211,0.002389008,0.001303322,0.001984981,0.001175093,0.001626972,0.000848705,0.008783331
0.001044476,0.002295894,0.000712139,0.001105505,0.00160792,0.001996726,0.001288732,0.00169239,0.001195301,0.002126802,0.000807949,0.009056698
0.001037461,0.002395862,0.00071148,0.001120118,0.001583526,0.001910947,0.001270991,0.001922059,0.001217656,0.002146124,0.000835058,0.008578181
0.001033745,0.00228819,0.000721672,0.001057499,0.001578502,0.002014428,0.001322021,0.002127707,0.001191145,0.00188244,0.000836656,0.008273331
0.001034837,0.002175012,0.000715748,0.00120415,0.00157297,0.002081273,0.001281777,0.001949498,0.001183391,0.001924414,0.000839756,0.007800914
0.001036035,0.002325731,0.000721087,0.000945125,0.001596721,0.002005482,0.001271285,0.001822284,0.00115704,0.001759539,0.000847881,0.009425825
0.001034147,0.002467227,0.00072534,0.001225215,0.001768998,0.002356074,0.001267066,0.001916407,0.001153397,0.001886167,0.000867811,0.008217013
0.001038905,0.002485231,0.000709596,0.001028286,0.001666032,0.00190534,0.001252129,0.001800895,0.001140912,0.001627959,0.000810192,0.009248429
0.001031486,0.002331716,0.000708681,0.001159953,0.001578273,0.00199314,0.001303641,0.002113872,0.001142318,0.001724557,0.000811759,0.009399349
0.001033339,0.002211737,0.000710808,0.00104475,0.001558083,0.001971327,0.001280886,0.001785347,0.001132902,0.001708331,0.000826238,0.009657325
0.001037932,0.002301258,0.000704167,0.001077957,0.00156195,0.001907469,0.001274539,0.001943622,0.001159232,0.001843975,0.00080792,0.008768492
0.001036298,0.002616441,0.000705225,0.001142491,0.001582376,0.002051448,0.001300403,0.001647366,0.001145862,0.001626609,0.000797389,0.010196131
0.001049084,0.002627911,0.000706223,0.001086507,0.001585313,0.002498355,0.001279451,0.001874461,0.001137134,0.001663169,0.000813806,0.009990986
0.001042381,0.002246081,0.000702072,0.001063009,0.001689055,0.001822265,0.001252858,0.001660997,0.001131981,0.001681471,0.000861547,0.009835361
0.001033105,0.002165842,0.000706477,0.001134097,0.00171536,0.002010153,0.001271294,0.001973521,0.001115476,0.001764858,0.000807711,0.009405174
0.001032932,0.002166204,0.000708922,0.00104009,0.001555578,0.002160758,0.001244625,0.001852886,0.001110506,0.001642896,0.000798434,0.009547866
0.001034658,0.002273333,0.000710383,0.001198444,0.001560767,0.001972082,0.001252834,0.002031399,0.001115434,0.001623413,0.000809358,0.009630987
0.001031404,0.002385297,0.000710493,0.00109676,0.001556237,0.00265768,0.001270776,0.001848462,0.001117624,0.001721674,0.000803298,0.008316397
0.001040609,0.002207834,0.000704968,0.001074125,0.001658526,0.00231011,0.001241539,0.001905192,0.001114913,0.001804179,0.00084758,0.008679111
0.001047447,0.002156888,0.000700279,0.001181695,0.001633647,0.00182561,0.001237414,0.001834643,0.001108797,0.001749472,0.000862042,0.009834042
0.001037595,0.00236437,0.000701127,0.001077999,0.001682196,0.00216187,0.001247234,0.001728514,0.001124035,0.001799701,0.000808239,0.010173616
0.001030252,0.002195543,0.000700461,0.001076999,0.001649582,0.001986085,0.001307473,0.002077095,0.001115624,0.001638265,0.000795674,0.010184487
0.001030877,0.002162104,0.000710827,0.001032256,0.001547851,0.001953478,0.001231187,0.001791645,0.001110124,0.001702541,0.000799792,0.011220453
0.001033006,0.002229018,0.000696422,0.001079186,0.001539766,0.001889368,0.001228233,0.001726181,0.001215086,0.001688573,0.000803831,0.010658001
0.001030943,0.002154714,0.000694284,0.00102687,0.001552139,0.002055902,0.001240493,0.00196936,0.00127523,0.00159132,0.000808241,0.010873797
0.001034043,0.002213975,0.000698516,0.00115048,0.001549466,0.00188254,0.001250961,0.001929113,0.001158922,0.001530934,0.00078805,0.010681099
0.001032483,0.002330391,0.000698873,0.001175777,0.001586657,0.002570923,0.00122984,0.001589646,0.001179315,0.00159749,0.000773329,0.013470827
0.001038101,0.002465873,0.000699253,0.001076204,0.001696815,0.001819512,0.001255453,0.001882322,0.001150383,0.00159515,0.000778654,0.0119325
0.001029539,0.002326809,0.000692397,0.001065474,0.001592321,0.002170023,0.001234589,0.002337127,0.001124517,0.001683282,0.000782255,0.013220619
0.001028353,0.002217492,0.000693416,0.001010225,0.001572389,0.001984542,0.001245993,0.001855924,0.001146227,0.00187735,0.000800237,0.012179432
0.001029134,0.002224021,0.000697313,0.001172269,0.001545686,0.001939892,0.001253079,0.001618079,0.001111283,0.001693649,0.000804315,0.011155223
0.001035914,0.002429495,0.00069959,0.001009782,0.001526412,0.002098443,0.001229526,0.001747866,0.001121737,0.00182404,0.00080126,0.012244509
0.001030536,0.002232111,0.000700751,0.001119117,0.001543246,0.002660817,0.001214702,0.001824885,0.001134665,0.001861109,0.000764481,0.01119642
0.001027963,0.002386335,0.000693699,0.001036602,0.001574251,0.002156261,0.001202299,0.001808635,0.001110071,0.001849119,0.000761198,0.013333691
0.001032758,0.002497927,0.000690319,0.001054254,0.001559779,0.001880291,0.001197955,0.00186746,0.001103371,0.001735981,0.000807716,0.013602061
0.001058726,0.002722992,0.000693595,0.001150428,0.001508699,0.001886739,0.001208469,0.002141533,0.001093653,0.001661863,0.000788499,0.012951124
0.001036077,0.002516222,0.00069214,0.001113525,0.001511325,0.002028516,0.001275877,0.00177592,0.001129556,0.001771229,0.00079091,0.012049433
0.001036062,0.002435237,0.00068724,0.001052783,0.00151447,0.001889694,0.001242242,0.001583459,0.001185202,0.001954158,0.000804284,0.010280395
0.001026729,0.002199553,0.000686605,0.001004949,0.00156554,0.002198841,0.001223069,0.001763224,0.001140311,0.00182837,0.000819328,0.012310622
0.001028776,0.002369166,0.000687975,0.001072564,0.001576734,0.001914855,0.001193261,0.002011471,0.001152326,0.002168446,0.000783841,0.011707894
0.001028386,0.002335475,0.000683472,0.001109143,0.001547231,0.001880691,0.001191912,0.002225703,0.001135986,0.001743098,0.000743858,0.011600941
0.001027563,0.002188853,0.000683404,0.001078218,0.001545432,0.001958434,0.001204631,0.001671071,0.001102927,0.001861052,0.000793914,0.014229275
0.001030897,0.002073606,0.000688263,0.001123158,0.001522667,0.002076515,0.001202826,0.001801611,0.001096662,0.001721734,0.000820092,0.012250382
0.001029629,0.00223099,0.000695761,0.001056385,0.001497569,0.002161911,0.001254289,0.00154323,0.001158422,0.001638022,0.000772048,0.012200904
0.001027565,0.002196126,0.000689104,0.001062446,0.00155072,0.001850038,0.001225765,0.001736921,0.00113023,0.001530874,0.000783696,0.01193851
0.001029943,0.002342562,0.000694362,0.001145855,0.001543593,0.001975529,0.001192574,0.001890206,0.001121219,0.001574973,0.000730354,0.012046127
0.001025184,0.002519589,0.000687544,0.001037935,0.001511884,0.001870632,0.001184927,0.001805421,0.001100595,0.001724506,0.00072692,0.012886648
0.001030382,0.002354586,0.000691345,0.001064107,0.001549172,0.00216507,0.001186573,0.001787635,0.001099467,0.001584759,0.000718105,0.012814334
0.001024388,0.002255181,0.000693152,0.001051555,0.00151584,0.002101518,0.001183023,0.001583715,0.001106447,0.00159247,0.000723348,0.01082031
0.001028809,0.00243811,0.000680295,0.001155314,0.00152864,0.002080898,0.001175946,0.001888573,0.001083604,0.00162148,0.000797445,0.010000482
0.0010422,0.002633122,0.000683521,0.001102286,0.00150135,0.001959699,0.001165134,0.001939678,0.001114739,0.001685206,0.000729,0.011299292
0.001037758,0.002263656,0.000680922,0.001136115,0.001503541,0.001851657,0.001173819,0.001960692,0.001068543,0.001681085,0.000729811,0.011649298
0.001030356,0.002253327,0.000679822,0.001038803,0.001508683,0.002342748,0.001159717,0.001968369,0.001062689,0.001751971,0.000700954,0.013497941
0.001034893,0.002253975,0.000685425,0.000999941,0.0014925,0.00200801,0.001195946,0.002163295,0.001066104,0.001975457,0.000702201,0.014165564
0.001024484,0.002346433,0.000682307,0.001095421,0.001761931,0.002799164,0.001207819,0.001918506,0.001131867,0.001937599,0.000671131,0.012110666
0.001025894,0.002197387,0.000678286,0.001097914,0.001665517,0.001857222,0.001177952,0.00167314,0.001122542,0.001558757,0.000662348,0.010598687
0.001024208,0.002239505,0.000693526,0.001144257,0.001537505,0.00209993,0.001183849,0.001701641,0.001083828,0.001645712,0.000637441,0.010195677
0.001024347,0.002265512,0.000676855,0.00108426,0.001487377,0.001906568,0.001172613,0.001855935,0.001069045,0.001665565,0.000655709,0.010147028
0.001024961,0.002089159,0.000681716,0.001035425,0.001490154,0.002158455,0.001162375,0.001771288,0.001071514,0.001570687,0.000623948,0.01015894
0.001023639,0.002127105,0.000674703,0.001034252,0.001488556,0.001951026,0.001151784,0.001651615,0.001122188,0.001612058,0.000619032,0.009323874
0.001025775,0.002329806,0.00068202,0.000971115,0.001479016,0.001886082,0.001156187,0.0017462,0.00108009,0.001812796,0.000595396,0.00908052
0.001022634,0.002259531,0.000686215,0.001259671,0.001553109,0.001886271,0.001150841,0.001941265,0.00106771,0.001912227,0.000588387,0.009571333
0.001028691,0.002342942,0.000673424,0.001137199,0.001501278,0.002107299,0.001183065,0.001760151,0.00106989,0.001628926,0.000573495,0.009682002
0.001029507,0.002344954,0.000677149,0.001127245,0.001494161,0.002024197,0.001165875,0.001704895,0.001051855,0.001780361,0.000571131,0.009700939
0.00102555,0.002212236,0.000683183,0.001034147,0.001484391,0.003066272,0.001148179,0.002206881,0.001059672,0.00158697,0.000562279,0.009130415
0.001031869,0.00220761,0.000675072,0.001078592,0.00160842,0.00186906,0.001150104,0.001840629,0.00106238,0.001596758,0.000543077,0.009185813
0.001024148,0.002307562,0.000674867,0.000989292,0.00146679,0.002466958,0.001137916,0.001763475,0.001063833,0.001675416,0.000531421,0.009136292
0.001023685,0.002309644,0.000674209,0.001145739,0.001577776,0.001894504,0.001136509,0.001832714,0.001069826,0.001853761,0.000525841,0.009841541
0.001023046,0.002157084,0.000678039,0.001025747,0.001504205,0.002349664,0.001150478,0.001675713,0.001097734,0.001854171,0.000518358,0.009895368
0.001024552,0.002391925,0.000679015,0.001016031,0.001513632,0.001995339,0.001171273,0.001910311,0.001064103,0.001600373,0.000515075,0.008406948
0.001027485,0.002455585,0.000669566,0.001034815,0.001472919,0.002113272,0.001137171,0.001818445,0.00105499,0.001589275,0.000525066,0.008952635
0.001023442,0.002083057,0.000673468,0.001025435,0.001471834,0.001979861,0.001126431,0.002184904,0.001064775,0.001507401,0.00052507,0.008447403
0.001025458,0.002257991,0.000668321,0.001096001,0.001480535,0.001908033,0.001143059,0.001620808,0.001048831,0.001676753,0.00051093,0.009161895
0.001020198,0.002188662,0.000666559,0.001068436,0.001449742,0.002639468,0.001184231,0.001725503,0.001058687,0.00155805,0.00048851,0.008964754
0.001018842,0.002213971,0.000668345,0.001011392,0.001545145,0.001827205,0.001119835,0.00168268,0.001052269,0.001517571,0.000507731,0.01057405
0.001024337,0.002300804,0.000664132,0.001034151,0.001482633,0.002123815,0.001123315,0.001784938,0.001050564,0.001617693,0.0005141,0.008862354
0.001027101,0.002248547,0.000666478,0.000959792,0.001513525,0.001949552,0.001143855,0.001533964,0.001037937,0.001541793,0.000512495,0.00829446
0.001019825,0.002336943,0.000666482,0.001056894,0.001453626,0.001920279,0.001166791,0.001554225,0.001037092,0.001711936,0.000511259,0.009107816
0.001020788,0.002106896,0.000667124,0.001162316,0.001453066,0.001886128,0.001127123,0.00193078,0.001083289,0.002078302,0.000519971,0.010216165
0.001026866,0.002039049,0.000669553,0.00099278,0.001495192,0.001919314,0.001110532,0.001878772,0.001160121,0.001894466,0.00048974,0.009784819
0.001028595,0.002540327,0.00067138,0.001037404,0.0014884,0.001915539,0.001125449,0.001655637,0.001068129,0.001785424,0.000473419,0.008760922
0.001030194,0.00247372,0.000668683,0.001206042,0.001446562,0.001947533,0.001125926,0.001668232,0.001067056,0.001796487,0.000494268,0.009958969
0.001019519,0.002435225,0.000676657,0.000999258,0.001437025,0.001974034,0.001099416,0.001637844,0.001046534,0.001642033,0.000480672,0.009448038
0.001018463,0.002162289,0.000663195,0.001105508,0.001445343,0.002005875,0.001137829,0.001661671,0.00106009,0.001899364,0.00048167,0.009491359
0.00101975,0.001995751,0.000662382,0.00106768,0.001438271,0.001892706,0.00114919,0.001640208,0.001061801,0.001589329,0.000470885,0.009148421
0.001031564,0.002073365,0.0006593,0.001047756,0.001460445,0.002290717,0.001127377,0.002053392,0.001029321,0.001480925,0.000493392,0.010203172
0.001027312,0.002273758,0.000658615,0.001000014,0.001469041,0.001856788,0.001151317,0.00187008,0.001069955,0.001495497,0.000467812,0.009475343
0.001019995,0.00223411,0.000670338,0.001234639,0.00146883,0.002142347,0.001116798,0.001873089,0.001042383,0.001505269,0.000444659,0.009893491
0.001018043,0.002439337,0.000663411,0.001077619,0.001464305,0.001907568,0.001091498,0.00199716,0.001041253,0.001552448,0.000453737,0.009950123
0.00102121,0.002248281,0.00066451,0.001186999,0.001466629,0.002053089,0.001101392,0.001856015,0.00103552,0.001484804,0.00047575,0.010564295
0.001020567,0.002136456,0.000666167,0.001022476,0.001429069,0.002014042,0.001085419,0.001829969,0.00103256,0.001634826,0.000443705,0.009052028
0.001017312,0.00223908,0.000659775,0.00099272,0.001441919,0.002742426,0.00108826,0.001711722,0.001024734,0.001474553,0.000457475,0.009262834
0.001016405,0.002303387,0.000654359,0.001060798,0.001560264,0.001832891,0.001103459,0.001683944,0.001020716,0.001638057,0.000470948,0.009296569
0.001015273,0.00214308,0.000658971,0.000970179,0.001528194,0.001945322,0.00110198,0.001868132,0.001042577,0.001766391,0.000444985,0.009688184
0.001014995,0.002167181,0.000659003,0.001119346,0.00142372,0.002048216,0.001098106,0.002064043,0.001026522,0.001879973,0.000467218,0.008864858
0.001016564,0.002312815,0.000659969,0.001150503,0.001417335,0.001879922,0.001101875,0.001618367,0.001038122,0.001848654,0.00049337,0.009498823
0.001018396,0.002138956,0.000658392,0.001126577,0.001440675,0.002209135,0.001109047,0.001661469,0.001037945,0.001601195,0.000481385,0.010274515
0.001019798,0.002160567,0.000665187,0.001170105,0.001422442,0.001990201,0.001098432,0.002033917,0.001015349,0.001568285,0.000507255,0.009249254
0.001027582,0.001926767,0.000675767,0.000939654,0.001581675,0.002848142,0.001070596,0.001938955,0.001025407,0.001588427,0.000430264,0.009453692
0.001025488,0.00208874,0.000661179,0.001137731,0.001563649,0.002093365,0.001083079,0.001927604,0.001019786,0.001521774,0.000436669,0.01020438
0.001020327,0.002208328,0.000657994,0.00101856,0.001411442,0.002001476,0.001083076,0.001845129,0.001029081,0.001532948,0.000448312,0.009569443
0.001026161,0.002418195,0.000652517,0.001025265,0.001410803,0.002077424,0.001088275,0.001642186,0.001019992,0.001581236,0.000429304,0.01032026
0.001018891,0.002349796,0.000664796,0.001123951,0.001415809,0.00190038,0.001064752,0.001873887,0.001016399,0.001599937,0.000422404,0.009967287
0.001014918,0.002326236,0.000656259,0.001004184,0.001406669,0.001930045,0.001071195,0.001781748,0.001003351,0.001782467,0.000449697,0.009646435
0.001018063,0.002393845,0.000652235,0.001057267,0.001396803,0.00252072,0.001075996,0.001922233,0.001037372,0.001892487,0.000436776,0.010183483
0.001019523,0.002478832,0.000653817,0.000999248,0.001466845,0.001835331,0.001083382,0.00181015,0.001049981,0.001659059,0.00044077,0.00930936
0.001028512,0.002269882,0.000653246,0.001133038,0.001414936,0.001878014,0.001075052,0.001734166,0.001005181,0.001669019,0.000438485,0.009260013
0.001021321,0.002187621,0.000650999,0.00108921,0.001431387,0.001843098,0.001072585,0.001865248,0.001005553,0.001482714,0.000418829,0.009964839
0.001012064,0.00237141,0.000653092,0.000955595,0.00152429,0.00216052,0.00109145,0.001793424,0.001018519,0.001619005,0.000419904,0.009205459
0.001016623,0.002382497,0.000656502,0.00108179,0.001422308,0.001898819,0.001060371,0.001551048,0.001012938,0.001607418,0.000409114,0.009324971
0.001021384,0.002298018,0.000646931,0.001103232,0.001415183,0.002165698,0.001067039,0.001798001,0.001011451,0.001652926,0.000403762,0.010341591
0.001016137,0.002243827,0.000665248,0.001036,0.001424556,0.00204094,0.0010609,0.0017021,0.001004428,0.001548715,0.000415159,0.00975987
0.001015389,0.002093084,0.000645902,0.001003045,0.00146349,0.001876729,0.001059903,0.001719649,0.001001503,0.001584264,0.000451916,0.009190215
0.001015994,0.002255874,0.000652282,0.001146164,0.001419944,0.002226738,0.001065335,0.002067331,0.001012162,0.00143997,0.000470159,0.008876796
0.001015017,0.0020849,0.000650494,0.001021918,0.001406423,0.001873789,0.001080474,0.001962603,0.001047777,0.001433724,0.000420146,0.009101477
0.001013685,0.002257668,0.000643442,0.001105409,0.001403378,0.001939082,0.001044801,0.001621221,0.001045026,0.00158485,0.000416624,0.00937475
0.001026227,0.001964791,0.000648996,0.000988137,0.001378417,0.001893863,0.001047109,0.001701823,0.001008257,0.001471679,0.000416681,0.008662807
0.001013286,0.00214467,0.000647517,0.001107792,0.001435766,0.00298586,0.001060579,0.001938427,0.001034173,0.001427918,0.000410424,0.009034063
0.001010014,0.00212824,0.00065215,0.000969085,0.001498331,0.00181925,0.001143636,0.001903046,0.001016634,0.001789395,0.000415727,0.00915829
0.001010449,0.002059462,0.000647252,0.00099854,0.001390013,0.001912173,0.001102272,0.001974054,0.001013739,0.001633441,0.000422985,0.008692486
0.00101133,0.00213101,0.0006421,0.001089163,0.001410883,0.001943517,0.001047956,0.001614855,0.001019831,0.001757532,0.000404658,0.009990461
0.001013154,0.002276622,0.000647045,0.000992246,0.001409584,0.002117353,0.001044989,0.002112377,0.001017531,0.001745357,0.000419566,0.009542442
0.001011973,0.002283039,0.000642708,0.001043423,0.001395776,0.002804571,0.001037166,0.00188031,0.001009234,0.001746691,0.000390917,0.009155807
0.00100925,0.002366704,0.000646359,0.000955999,0.001504316,0.00188284,0.00104656,0.001769861,0.001039541,0.001521942,0.000411632,0.010483903
0.001012131,0.002434747,0.000651155,0.001178234,0.001390797,0.002312543,0.001075248,0.001980472,0.001025866,0.001482278,0.00041031,0.009667224
0.001014257,0.002038028,0.000645798,0.001062042,0.001441379,0.001852715,0.001044904,0.001989048,0.000991242,0.001569895,0.000407283,0.009328832
0.001011281,0.002103142,0.000640626,0.00107418,0.001406122,0.002140082,0.001042523,0.001857858,0.000986835,0.001625838,0.000407953,0.00843259
0.001007532,0.002319128,0.000637972,0.00102113,0.001406882,0.001843655,0.001038396,0.001855361,0.000993514,0.001723036,0.00041599,0.008764832
0.001009902,0.002068478,0.000647135,0.001136376,0.001420323,0.002230116,0.001027319,0.001599278,0.000994868,0.00149836,0.000430914,0.009059316
0.001010899,0.002286224,0.000638303,0.001028021,0.001395707,0.001840875,0.001031569,0.001799711,0.0010218,0.001514664,0.000392827,0.009193457
0.001009691,0.002185824,0.000638851,0.001045815,0.001402974,0.002215951,0.001037759,0.001920738,0.00100313,0.001551613,0.000385791,0.009298376
0.001010126,0.002347306,0.000636526,0.000991446,0.001392503,0.002106942,0.001049084,0.0019123,0.000982048,0.001569621,0.000393397,0.009589338
0.001015044,0.002500215,0.00065002,0.001156733,0.001407357,0.00186758,0.001038932,0.001727669,0.000978713,0.00178824,0.000408209,0.008349136
0.001007363,0.002256617,0.000644024,0.001028638,0.001374571,0.002124338,0.001035934,0.001634408,0.001031257,0.0015742,0.000425337,0.008817739
0.001005635,0.002153666,0.000641052,0.001092717,0.00137872,0.001845933,0.001026283,0.001639272,0.000986117,0.001619939,0.000396322,0.009196482
0.00100584,0.002414373,0.000636986,0.001052812,0.001439468,0.001814105,0.001013781,0.001917435,0.001046222,0.001485358,0.000383409,0.008723176
0.001009898,0.002367255,0.000638102,0.0009982,0.001417818,0.001985699,0.001023249,0.001891815,0.000985424,0.001772801,0.000391871,0.009787496
0.001007523,0.002297555,0.000638594,0.001061365,0.001356837,0.00186817,0.001027146,0.00180521,0.001004755,0.001423933,0.000395249,0.008812708
0.001006003,0.002316175,0.000638205,0.001051784,0.001434909,0.002006372,0.001024718,0.001511765,0.000994746,0.001402529,0.000385071,0.009143323
0.001010182,0.002154002,0.00063473,0.001076162,0.00134558,0.002316521,0.00103594,0.001793965,0.00102672,0.001488513,0.000381005,0.008879292
0.001007179,0.002346724,0.000635695,0.000959486,0.001364679,0.0018767,0.001059975,0.002042612,0.000982402,0.001756254,0.000389068,0.008576516
0.001012994,0.002215849,0.000639717,0.001044753,0.001383901,0.001869125,0.00100931,0.001613341,0.000994699,0.001595835,0.000403846,0.009854469
0.001016829,0.002197189,0.000644569,0.001041599,0.001406752,0.002085647,0.001005333,0.001697302,0.000974278,0.00165368,0.00039926,0.008382663
0.001003941,0.002083952,0.000635027,0.000972964,0.00136625,0.001889173,0.00100734,0.001786488,0.000989043,0.001574655,0.00038282,0.008812517
0.001003418,0.002137023,0.000641402,0.001128451,0.001354703,0.002043586,0.001044348,0.002109448,0.000969261,0.001711816,0.000398692,0.009214477
0.001004422,0.002209668,0.00063831,0.001125581,0.001341729,0.001900739,0.001037735,0.002511795,0.000977302,0.001612917,0.000387475,0.008675113
0.00100366,0.002349729,0.000646786,0.000972726,0.001480442,0.00220374,0.001041685,0.001798617,0.00098928,0.001476112,0.000383093,0.008540696
0.001003738,0.002156503,0.000638258,0.001066633,0.00139033,0.001932943,0.001016259,0.001591376,0.001008903,0.00152725,0.000381017,0.008903832
0.001005162,0.002258654,0.00064147,0.000971142,0.001418605,0.001833622,0.001012111,0.001935104,0.000996022,0.001540878,0.000386736,0.007947499
0.001004472,0.002052079,0.000639107,0.001023228,0.001463207,0.002122328,0.001012814,0.002065331,0.000984057,0.001504292,0.000389618,0.009257068
0.001008929,0.002327376,0.000632718,0.001121393,0.001383803,0.001869549,0.00103679,0.001995172,0.000988295,0.001700726,0.0003774,0.009169802
0.001018842,0.002027117,0.000628622,0.001042535,0.001353216,0.00215888,0.001025939,0.00185545,0.000994191,0.001456193,0.000369491,0.009641211
0.001010181,0.002232007,0.000632659,0.001038,0.001349451,0.001977108,0.000999843,0.001890159,0.00097625,0.00146189,0.000391849,0.008645561
0.001002768,0.002458705,0.000627997,0.001003445,0.001536348,0.002707318,0.001018722,0.001917724,0.001010913,0.00151451,0.000403406,0.009968647
0.001003821,0.002152893,0.000628379,0.001126786,0.001428794,0.001856086,0.001059863,0.001744635,0.000970661,0.001553038,0.000393067,0.008528265
0.001012018,0.002103344,0.000629751,0.00119294,0.001359284,0.002269218,0.001016272,0.001724698,0.000981257,0.001586579,0.000372568,0.00884988
0.001010385,0.002177571,0.000640766,0.000931635,0.001419102,0.002184053,0.001004743,0.001981574,0.000975958,0.001723244,0.00037708,0.008298164
0.001010884,0.002294504,0.000641876,0.001151917,0.001368266,0.001867927,0.00104146,0.002325051,0.001021013,0.001380704,0.000382038,0.008110881
0.001009828,0.002297206,0.000636998,0.001063155,0.001364348,0.002133168,0.001003718,0.00176436,0.001007385,0.001514106,0.000379354,0.00894956
0.001000639,0.002214045,0.000634603,0.001090079,0.001329785,0.002109177,0.000980809,0.001778087,0.000980722,0.001986617,0.000369705,0.008474202
0.00100156,0.002258793,0.000629951,0.000960681,0.001331112,0.002238543,0.000986501,0.001892276,0.001010916,0.001556443,0.000377312,0.009598674
0.001004961,0.002482813,0.000626571,0.000991134,0.001334838,0.001864324,0.000996832,0.001822898,0.000996114,0.00158945,0.000391818,0.007917929
0.001016784,0.002512705,0.000624934,0.001067567,0.001332467,0.002167277,0.00099601,0.002063719,0.001030963,0.001398222,0.000367774,0.009220704
0.001001188,0.002196527,0.000626139,0.00109828,0.001341876,0.001963413,0.000980335,0.001700073,0.000988645,0.001393076,0.000380436,0.00940208
0.00100457,0.001896897,0.000624596,0.001028121,0.001326186,0.001855825,0.001002957,0.001706917,0.001013543,0.001494962,0.000371424,0.008645697
0.001025391,0.001999551,0.000623993,0.001148625,0.0013222,0.002130639,0.000977373,0.001931604,0.000994513,0.001698806,0.00037573,0.008430601
0.001010348,0.002479185,0.000626673,0.000995634,0.001334916,0.00194391,0.000987243,0.001723123,0.000989716,0.001763954,0.000363375,0.009797622
0.001005775,0.002271997,0.000621419,0.001051496,0.001309466,0.002394879,0.000983733,0.001713732,0.000984777,0.001550569,0.000369649,0.007692219
0.000997698,0.00218098,0.000630379,0.001096187,0.001349775,0.001897788,0.00097695,0.001754637,0.000958845,0.001406474,0.000364745,0.008718112
0.000998649,0.002253106,0.000622491,0.001038856,0.001313889,0.001857792,0.000971686,0.001775157,0.000986034,0.001355036,0.000371905,0.009105916
0.001000533,0.002147003,0.000621268,0.000962559,0.00143503,0.002185277,0.00098961,0.001779338,0.001055327,0.001434867,0.000379208,0.008695784
0.001008734,0.001860778,0.000625776,0.001002046,0.001337993,0.002119621,0.001014713,0.001660761,0.000981697,0.001416751,0.000376672,0.008930014
0.001014597,0.002026704,0.000622814,0.001096318,0.001309384,0.001924777,0.000985867,0.001446831,0.000972344,0.00147382,0.00039123,0.009110541
0.000998923,0.001961752,0.000621729,0.000984614,0.001312954,0.002057615,0.001003871,0.001900544,0.000998844,0.001699158,0.000394963,0.008001377
0.000996733,0.002141531,0.00063315,0.001059862,0.001320171,0.002405009,0.000990387,0.002132294,0.001011922,0.001698979,0.00039312,0.007890202
0.00099838,0.002029827,0.000629475,0.000962159,0.001332199,0.001842485,0.001025916,0.002230013,0.000961809,0.001548527,0.000372829,0.008260147
0.000997062,0.002106418,0.000625958,0.001117824,0.001304742,0.001926716,0.001002529,0.002144446,0.000962446,0.001526036,0.000364523,0.008710925
0.000998441,0.00222694,0.000624069,0.000950967,0.001297425,0.001847946,0.001003795,0.002374522,0.000942386,0.001398656,0.000361216,0.009211194
0.000996715,0.00234295,0.000627069,0.001069489,0.001324769,0.002260556,0.00101368,0.001869164,0.000944423,0.001418796,0.000374884,0.008754407
0.000995155,0.002251286,0.0006205,0.001090769,0.001305506,0.001902209,0.001007099,0.001866592,0.000947552,0.001597106,0.00036006,0.008760899
0.00099447,0.002255377,0.000619222,0.001013967,0.001308903,0.002694676,0.000962413,0.001717747,0.000950775,0.001562981,0.000373675,0.007537726
0.000996705,0.002411229,0.000619855,0.001102697,0.001373843,0.001882156,0.000960311,0.001818602,0.000962676,0.001611951,0.000363219,0.008109085
0.000997709,0.002133184,0.000632929,0.000967288,0.00133842,0.001881965,0.000961505,0.001889398,0.000957756,0.001413073,0.000366628,0.008567442
0.000994495,0.002297709,0.00061952,0.001018289,0.001350103,0.001980399,0.000962722,0.001612855,0.000950692,0.00146822,0.000373742,0.008610452
0.00099604,0.001991673,0.000615087,0.001119889,0.001340424,0.001832039,0.001021633,0.001539746,0.000938244,0.001440494,0.000353926,0.008612838
0.001012027,0.002092162,0.000623253,0.000977542,0.001333583,0.001910593,0.000983095,0.00166992,0.000953595,0.001352869,0.000365003,0.008613849
0.00099914,0.001944522,0.00062385,0.001021884,0.001317581,0.001854324,0.000967131,0.001819929,0.000984273,0.001391926,0.000367606,0.008720813
0.000997065,0.002277003,0.000621925,0.001040632,0.001348593,0.002258183,0.000970282,0.001556006,0.000968963,0.001416294,0.000363428,0.008031007
0.000994093,0.002201466,0.000622028,0.001022115,0.001349184,0.00226618,0.001005995,0.001534493,0.000993484,0.001610695,0.000371239,0.008895043
0.001000797,0.00221908,0.000618383,0.001101857,0.001383639,0.002013157,0.000974391,0.001643804,0.000961708,0.001626448,0.000364403,0.008830829
0.000997106,0.002275582,0.000613261,0.001022694,0.001298242,0.001904885,0.000954233,0.001700173,0.000962303,0.001697961,0.000404125,0.009280821
0.000995743,0.002388577,0.000614265,0.001044025,0.001298293,0.001986682,0.000969203,0.001726407,0.000949935,0.001373472,0.000386008,0.007791361
0.000993462,0.002238803,0.000618243,0.00115736,0.001449642,0.00191825,0.000959495,0.001704364,0.000967744,0.00141041,0.000357609,0.008430531
0.000989221,0.002091022,0.000622437,0.000957401,0.001295009,0.002233562,0.000982844,0.001527389,0.000937976,0.001532014,0.000379857,0.007936533
0.000990807,0.002238101,0.000623121,0.001013687,0.001313761,0.001944357,0.000970723,0.001596438,0.000968156,0.001571665,0.000379676,0.008165333
0.000990923,0.002209807,0.000616937,0.001079247,0.001307064,0.001850863,0.00097801,0.001678907,0.00093264,0.001485438,0.000370954,0.008820137
0.000993108,0.002150227,0.000611422,0.000973311,0.001365204,0.002657466,0.000964532,0.00189832,0.000954695,0.001497496,0.000363944,0.009736076
0.000994213,0.002128378,0.000632856,0.000998839,0.001400299,0.0019093,0.000959834,0.001573251,0.000951108,0.001482792,0.000401601,0.007562521
0.000991699,0.002185835,0.000610922,0.001036386,0.001335389,0.001811394,0.00095819,0.001711138,0.000931714,0.001450443,0.000402431,0.009090359
0.000990254,0.002202821,0.000610967,0.000960714,0.001303755,0.001867771,0.000974335,0.001872452,0.000942086,0.00150148,0.000364035,0.00824141
0.000990592,0.002157792,0.000611084,0.000992727,0.00129563,0.002586163,0.000974854,0.001619669,0.000936714,0.001516177,0.000354352,0.009297651
0.00098735,0.002234554,0.000608121,0.001026146,0.001337154,0.001838636,0.00095458,0.001808812,0.000929042,0.001432504,0.000362331,0.008270429
0.000990079,0.002074399,0.000617364,0.001150255,0.001283436,0.002013986,0.000939788,0.001839542,0.000957841,0.001437034,0.000361279,0.009175226
0.00099117,0.002233814,0.000620592,0.000928499,0.00127238,0.002733278,0.000956445,0.001795455,0.000931205,0.001485479,0.000345273,0.009507666
0.000988289,0.002211295,0.000612921,0.00098284,0.001418292,0.001792784,0.000944523,0.001690161,0.000927107,0.001372194,0.000357573,0.008719198
0.000989697,0.002271282,0.000607792,0.000992884,0.001290833,0.002090328,0.000952954,0.001643174,0.000932508,0.001508598,0.000385175,0.010351241
0.000999552,0.002334465,0.000609886,0.001041695,0.001307181,0.002595049,0.00101681,0.00225697,0.000938033,0.001432338,0.000363899,0.009166183
0.0009911,0.002182585,0.000608869,0.000962453,0.001432713,0.00183609,0.000994862,0.002016591,0.000930756,0.001558184,0.000351874,0.00907123
0.000988849,0.002152024,0.000606511,0.000982972,0.001286426,0.001817621,0.00097769,0.001755946,0.000950507,0.001405715,0.00036068,0.008744402
0.000986642,0.0021386,0.00060972,0.001004236,0.001326186,0.002343212,0.000967731,0.001963586,0.001001691,0.001357114,0.000348592,0.009284039
0.000984617,0.002374087,0.000604624,0.00100703,0.001305967,0.001798623,0.000947114,0.001719517,0.000935309,0.001521856,0.000350843,0.009103793
0.000998936,0.002250173,0.000609611,0.000959256,0.001298298,0.002182766,0.000953103,0.001447088,0.000933977,0.001414669,0.000365194,0.008897643
0.00098517,0.002145842,0.00062526,0.001232812,0.001297835,0.00212151,0.000983291,0.001788685,0.000943765,0.001449089,0.00037436,0.009799112
0.000986447,0.002239504,0.000618007,0.000920072,0.00126312,0.001872345,0.000972454,0.001654737,0.000922171,0.001482252,0.000358097,0.009921129
0.000985327,0.002106026,0.000611089,0.001019225,0.001265135,0.002657422,0.000931129,0.001761496,0.000932867,0.001496755,0.000345907,0.008862773
0.000991039,0.002097513,0.000605201,0.00099009,0.001332719,0.002218368,0.000937995,0.001557751,0.000936427,0.001554381,0.00034423,0.00939835
0.000982694,0.002132732,0.000603741,0.001034131,0.001320998,0.002001806,0.000951684,0.001433341,0.000929817,0.001534299,0.000361594,0.008772334
0.000986,0.002271318,0.000606104,0.001046367,0.0012632,0.002013265,0.000950108,0.001878804,0.000963815,0.001552493,0.000371169,0.009301938
0.000983077,0.002272259,0.000605212,0.000970189,0.001274633,0.002089339,0.000938534,0.001786628,0.000935599,0.00135642,0.000347351,0.011232341
0.000982626,0.002096959,0.000604716,0.0009532,0.001317785,0.001896384,0.000927545,0.001540903,0.000924848,0.001474981,0.000359169,0.009006863
0.000982109,0.002177426,0.000608086,0.001002455,0.001251379,0.002224951,0.000940121,0.001732818,0.000934899,0.001782747,0.000365749,0.009540389
0.000984826,0.002151697,0.0006047,0.000990951,0.001268301,0.002043634,0.000931618,0.001912564,0.000942102,0.001437241,0.000350381,0.009222172
0.000984203,0.002157904,0.000606076,0.000940998,0.001247138,0.001887398,0.000946045,0.001632067,0.000933915,0.001440773,0.000336437,0.010601021
0.00098203,0.002320539,0.000604631,0.001023739,0.001261114,0.001828758,0.000930873,0.00159557,0.000938857,0.001737526,0.000335989,0.00932063
0.000986533,0.00222731,0.000601024,0.001060974,0.001361692,0.00266941,0.000931865,0.001718943,0.000962196,0.001760489,0.000335719,0.00958795
0.000983442,0.002331614,0.000609937,0.000913066,0.001372905,0.00241793,0.000929635,0.001600467,0.00096107,0.001545229,0.00035826,0.00894845
0.000983245,0.002038466,0.000605741,0.0010109,0.001526218,0.002463014,0.000919697,0.001560252,0.000978441,0.00136126,0.000350255,0.009400461
0.000979539,0.002107125,0.000604995,0.000944603,0.001307428,0.001802619,0.000940059,0.001586953,0.00094239,0.001364527,0.00035291,0.008977815
0.000980855,0.002066127,0.000601791,0.000998455,0.001322631,0.002189413,0.000928928,0.001566254,0.0009226,0.001425276,0.000369133,0.009272244
0.000981235,0.002225105,0.00060064,0.00098051,0.001263048,0.001815021,0.000934737,0.00173196,0.000923564,0.00134942,0.000348708,0.008775789
0.000978551,0.00239961,0.000600461,0.000917126,0.001285772,0.001901098,0.000932326,0.001690982,0.000934617,0.001671412,0.000354172,0.009573566
0.000992066,0.002482461,0.00060084,0.000967016,0.001253012,0.001902609,0.000958195,0.001568359,0.000946703,0.001724743,0.000337032,0.01025984
0.000981047,0.002304036,0.000599304,0.001036897,0.001234109,0.002218097,0.000955641,0.001494667,0.000927095,0.001516706,0.000350193,0.009995159
0.000981124,0.002111771,0.000599717,0.000973804,0.0012414,0.001963404,0.00094171,0.001427417,0.000924538,0.001468749,0.000354586,0.009291043
0.000989181,0.001835981,0.00059657,0.001052576,0.001259943,0.001837152,0.00095319,0.001552856,0.000910062,0.001416431,0.000352954,0.009922039
0.001013058,0.001901823,0.000600755,0.001007553,0.00128095,0.00316268,0.000964647,0.001452897,0.000939117,0.001422248,0.000431864,0.009066321
0.000985382,0.002257105,0.00060129,0.000976337,0.001528777,0.001870649,0.0009577,0.001406027,0.000915029,0.001535505,0.000367608,0.009463999
0.000978604,0.002281513,0.000600683,0.001006484,0.001400993,0.001785947,0.000941716,0.00158727,0.000928975,0.001642304,0.000349201,0.008788943
0.000980856,0.002042677,0.000595261,0.00107033,0.001250402,0.001785387,0.000922915,0.001805888,0.000942686,0.001448484,0.000358291,0.009323346
0.000982066,0.002063891,0.000602503,0.000944625,0.001234043,0.00218757,0.000943051,0.001483616,0.000915441,0.001422797,0.000430948,0.009131948
0.000981831,0.002079385,0.000609675,0.001042024,0.001272575,0.001821572,0.000925913,0.001591607,0.000914571,0.001663412,0.000400115,0.008339707
0.000981898,0.002181875,0.000603185,0.000966356,0.001222685,0.001931705,0.000930361,0.001844827,0.000952209,0.001356385,0.000346885,0.009439558
0.000979486,0.002150045,0.000594061,0.000947659,0.001223262,0.002126089,0.000917234,0.001505101,0.000937327,0.001408341,0.000347813,0.009151982
0.000989048,0.001999171,0.00059492,0.001003181,0.001276508,0.001907013,0.000935455,0.002198461,0.000912136,0.001544088,0.000336705,0.00815964
0.000978732,0.002213563,0.000610364,0.000918659,0.001360662,0.002060174,0.000948151,0.001616875,0.000918135,0.001495389,0.000337203,0.010459987
0.000973498,0.002031857,0.000605828,0.001071381,0.001231475,0.002094525,0.000922029,0.001638281,0.000941342,0.001618245,0.000335589,0.009468008
0.000977873,0.002241241,0.000605794,0.00106507,0.001227781,0.001895488,0.000930694,0.001758627,0.000937117,0.001487693,0.000348172,0.008936997
0.000975185,0.002017007,0.000596075,0.000978521,0.001296502,0.002049705,0.000910249,0.001679101,0.000922008,0.001346899,0.000357671,0.010395025
0.000984097,0.002052178,0.000593967,0.00095358,0.001511857,0.00249545,0.000920423,0.00132312,0.000907404,0.001407483,0.000331799,0.009491753
0.00097254,0.002310033,0.00059188,0.00095096,0.001271283,0.001954384,0.000991809,0.001579176,0.000935023,0.001427196,0.000341191,0.009762716
0.000972669,0.002227281,0.00059461,0.001003424,0.001217018,0.002382412,0.00096629,0.001628646,0.000926013,0.00133696,0.000340092,0.008746995
0.00097415,0.002369703,0.000594608,0.000945402,0.00124391,0.001972327,0.000915778,0.001702285,0.000930209,0.001549523,0.000355511,0.010484664
0.000976259,0.002313272,0.000607152,0.000941078,0.001208724,0.001875496,0.000909855,0.001736295,0.000974938,0.001698262,0.000351832,0.009888186
0.000975952,0.002382939,0.000603297,0.001002667,0.001217731,0.001950524,0.000907806,0.0014601,0.000920139,0.001474655,0.000376438,0.009378376
0.000991429,0.002567386,0.000594989,0.001072315,0.001208052,0.001899474,0.000922868,0.001609083,0.000909952,0.001423797,0.000336395,0.008651907
0.000995745,0.002403911,0.000593326,0.001025129,0.001206561,0.002016227,0.000926832,0.001588972,0.00091104,0.001622691,0.00033262,0.008529198
0.000979285,0.002168519,0.000595284,0.001056098,0.001214352,0.001797573,0.0009163,0.001590223,0.000909414,0.001317174,0.000328841,0.009686939
0.000976971,0.002049566,0.000591453,0.001026078,0.001286113,0.002059761,0.000909138,0.001526496,0.000907468,0.00153975,0.000332514,0.010079699
0.000975144,0.002249236,0.000590061,0.001003383,0.00122448,0.002034581,0.000906659,0.001723871,0.000933504,0.001702828,0.000360248,0.008903521
0.000972812,0.002119703,0.000591527,0.000986754,0.001269863,0.002400621,0.000912981,0.001509959,0.000918279,0.001461154,0.000361844,0.009906268
0.000972565,0.002228698,0.000590849,0.001036692,0.001399527,0.001866267,0.000904409,0.001488686,0.000898957,0.001517031,0.000334288,0.00967192
0.000970567,0.002164623,0.000588257,0.000987631,0.001393152,0.003122044,0.000917967,0.001557367,0.000942782,0.00137119,0.000337847,0.008630546
0.000965853,0.002111938,0.000590243,0.00104388,0.00138979,0.001851303,0.000933729,0.001504485,0.00092029,0.001327649,0.000341139,0.010153712
0.000969289,0.002108707,0.000590838,0.000982022,0.001208483,0.002056777,0.000929937,0.001793138,0.000904392,0.00139364,0.000341848,0.009799488
0.000971294,0.002129006,0.00058837,0.001023003,0.001223653,0.001937165,0.000907504,0.00153278,0.000895354,0.001396648,0.000348037,0.009699524
0.000966787,0.002107909,0.000586544,0.000985517,0.001195166,0.002037268,0.000945474,0.001915214,0.000901673,0.0013762,0.00032919,0.009413585
0.000968608,0.002322402,0.000590158,0.000956449,0.001210563,0.001792974,0.000919574,0.001862054,0.000913384,0.001371822,0.000339041,0.00952839
0.000968013,0.002107508,0.00059124,0.001035577,0.001252401,0.002267649,0.000909298,0.00154598,0.000898153,0.001466164,0.00034657,0.009721871
0.000966248,0.002134169,0.00059152,0.000977249,0.001224794,0.001865793,0.000935675,0.001493182,0.000921903,0.001457942,0.000338017,0.009945737
0.000966826,0.002037979,0.000586527,0.000941521,0.001227344,0.001992357,0.000927436,0.001511214,0.000998287,0.001629477,0.000373501,0.008847271
0.000973847,0.002096714,0.000588525,0.000960457,0.001197695,0.002267256,0.000905227,0.001839264,0.000908887,0.001420095,0.000358317,0.008754789
0.000964148,0.00200441,0.000585542,0.000974514,0.001217459,0.0018086,0.00090081,0.001534119,0.000893978,0.00145186,0.000335216,0.009527418
0.000965145,0.002301761,0.00059866,0.001016402,0.001250384,0.001968408,0.000893708,0.00169573,0.000902441,0.00137785,0.000343832,0.008919084
0.00096961,0.002123777,0.000587188,0.000927419,0.001186215,0.001871371,0.000898165,0.001728005,0.000896068,0.001556081,0.000344619,0.009303604
0.000964025,0.002191076,0.000586515,0.000956975,0.001200684,0.002706468,0.000911471,0.001681253,0.000907887,0.00135131,0.000330666,0.010642386
0.000962731,0.002185642,0.000586288,0.001022403,0.001304143,0.001843548,0.000896685,0.001621609,0.000901624,0.0013387,0.000328561,0.009423869
0.000967678,0.002026025,0.000582794,0.000966362,0.001207104,0.001845962,0.000906975,0.00160846,0.000902773,0.001363779,0.000332885,0.009984611
0.000966366,0.002424696,0.000587044,0.00102211,0.001199096,0.002069774,0.000887629,0.00175761,0.000913092,0.00153285,0.000328648,0.009523188
0.00096812,0.002191199,0.000584202,0.000976416,0.001184074,0.002305358,0.000896812,0.001588144,0.000902697,0.00145714,0.000327245,0.009198966
0.000964565,0.002005234,0.00058596,0.000930484,0.001231449,0.001884024,0.000925864,0.001724296,0.000892296,0.00134038,0.000337309,0.009872177
0.000962516,0.002181026,0.000585717,0.000993662,0.001227674,0.001799286,0.000903428,0.001683995,0.000909187,0.001394686,0.000351002,0.009140352
0.000963601,0.00212269,0.000584567,0.000983537,0.001284154,0.002079448,0.000964275,0.001690117,0.000917019,0.001364695,0.000333191,0.009391869
0.000960058,0.002118336,0.000582624,0.000891879,0.001198197,0.001884228,0.000907071,0.001916558,0.000913948,0.001509251,0.000337475,0.009304453
0.000963655,0.002124519,0.000597465,0.000977445,0.001218566,0.001840419,0.000912164,0.001592875,0.000909103,0.001322206,0.000326035,0.009670896
0.000960758,0.002189228,0.000592574,0.001005937,0.001189087,0.001924585,0.000899683,0.001760525,0.000923585,0.00135545,0.000320813,0.010051682
0.000961206,0.00207098,0.000591062,0.001048511,0.001178191,0.00202894,0.000906347,0.001432986,0.000902079,0.00163566,0.000330144,0.00903503
0.000966313,0.001989823,0.000582011,0.000953975,0.001189437,0.002775044,0.000912624,0.001655999,0.000896475,0.001301921,0.000331958,0.008643607
0.000959915,0.002098686,0.000585513,0.000928768,0.001341057,0.001752947,0.000901983,0.001462558,0.000916442,0.001601175,0.000329818,0.008747045
0.000961605,0.002147314,0.000592599,0.000949168,0.001255958,0.001809469,0.000925345,0.001634356,0.000918556,0.001550588,0.000332307,0.010110279
0.000961952,0.001940796,0.000582487,0.000980834,0.001243229,0.002251938,0.0009066,0.00160277,0.000919831,0.001379377,0.000348161,0.009804646
0.000967122,0.002148892,0.000581152,0.00100605,0.001197237,0.001988873,0.000899751,0.001581657,0.000901317,0.00132208,0.000332518,0.009798219
0.000958475,0.002259751,0.000590747,0.00088533,0.001190307,0.00226645,0.000895125,0.00175582,0.000885626,0.001346658,0.000326152,0.009753212
0.000957183,0.002235768,0.000596843,0.001022205,0.001242133,0.001932101,0.000887264,0.001428928,0.000902137,0.00159176,0.00032681,0.010397363
0.000971182,0.002136262,0.00058125,0.001007078,0.001174377,0.002108967,0.000892104,0.001721556,0.000900557,0.001566148,0.000322748,0.008743932
0.000956158,0.002239802,0.000579896,0.000970516,0.001182535,0.002020078,0.000888146,0.001616269,0.000888376,0.001366435,0.000321798,0.010861252
0.000955477,0.002210034,0.000584611,0.000904527,0.001182979,0.002037916,0.000908045,0.001521448,0.000886484,0.00132936,0.000349557,0.010096853
0.000957986,0.002147254,0.000585899,0.000968067,0.001175005,0.00205147,0.00092874,0.001515176,0.000881436,0.001351304,0.00036933,0.009117318
0.000958171,0.002379781,0.000576756,0.000986881,0.001213751,0.00259953,0.000890226,0.001723737,0.0009155,0.001629572,0.000354193,0.010070198
0.000962411,0.002454436,0.00057758,0.001011989,0.001197274,0.00217359,0.000917046,0.001551297,0.000891337,0.001253861,0.000389069,0.0097987
0.000966246,0.002282533,0.000577727,0.001046353,0.001186946,0.001869741,0.000897914,0.001552118,0.000917983,0.001571769,0.000344281,0.009743896
